1 - ( 0.0 , 0.25 , 0.0 ) - [ 12.4834370613 , 11.6956279278 , 6.56457018852 ]
2 - ( 0.0 , 0.25 , 45.0 ) - [ 9.94120311737 , 10.2620840073 , 8.51973700523 ]
3 - ( 0.0 , 0.25 , 90.0 ) - [ 8.03230118752 , 9.30172896385 , 9.44460010529 ]
4 - ( 0.0 , 0.25 , 135.0 ) - [ 9.46345305443 , 8.33388400078 , 10.4125640392 ]
5 - ( 0.0 , 0.25 , 180.0 ) - [ 10.4390981197 , 6.88197207451 , 10.8820199966 ]
6 - ( 0.0 , 0.25 , 225.0 ) - [ 11.3819301128 , 8.80489206314 , 9.93611311913 ]
7 - ( 0.0 , 0.25 , 270.0 ) - [ 12.8269231319 , 9.76297092438 , 8.96251487732 ]
8 - ( 0.0 , 0.25 , 315.0 ) - [ 11.8654198647 , 10.7417809963 , 8.00292491913 ]
9 - ( 0.0 , 0.5 , 0.0 ) - [ 12.8273990154 , 15.5398550034 , 10.4095680714 ]
10 - ( 0.0 , 0.5 , 45.0 ) - [ 11.87824893 , 14.0823428631 , 12.339099884 ]
11 - ( 0.0 , 0.5 , 90.0 ) - [ 10.4252810478 , 13.1277461052 , 13.3026480675 ]
12 - ( 0.0 , 0.5 , 135.0 ) - [ 12.3667891026 , 12.1627089977 , 14.2449018955 ]
13 - ( 0.0 , 0.5 , 180.0 ) - [ 13.3211629391 , 10.7235488892 , 14.7396800518 ]
14 - ( 0.0 , 0.5 , 225.0 ) - [ 14.2694299221 , 12.6525290012 , 13.7617328167 ]
15 - ( 0.0 , 0.5 , 270.0 ) - [ 14.7430078983 , 13.6111989021 , 12.8107748032 ]
16 - ( 0.0 , 0.5 , 315.0 ) - [ 13.782831192 , 14.5685808659 , 11.8447868824 ]
17 - ( 0.0 , 0.75 , 0.0 ) - [ 15.7030849457 , 19.3686130047 , 14.2441711426 ]
18 - ( 0.0 , 0.75 , 45.0 ) - [ 14.7421460152 , 17.9257359505 , 16.1838269234 ]
19 - ( 0.0 , 0.75 , 90.0 ) - [ 12.8227219582 , 16.9622530937 , 17.1458530426 ]
20 - ( 0.0 , 0.75 , 135.0 ) - [ 14.2806360722 , 16.0032141209 , 18.082805872 ]
21 - ( 0.0 , 0.75 , 180.0 ) - [ 15.2444498539 , 14.5783679485 , 18.5668530464 ]
22 - ( 0.0 , 0.75 , 225.0 ) - [ 16.1908569336 , 16.4853870869 , 17.6042129993 ]
23 - ( 0.0 , 0.75 , 270.0 ) - [ 17.6217699051 , 17.4423971176 , 16.6423990726 ]
24 - ( 0.0 , 0.75 , 315.0 ) - [ 16.6634290218 , 18.409307003 , 15.6825430393 ]
25 - ( 0.0 , 1.0 , 0.0 ) - [ 17.6213109493 , 23.2019309998 , 18.0835318565 ]
26 - ( 0.0 , 1.0 , 45.0 ) - [ 16.6725258827 , 21.775149107 , 20.0218548775 ]
27 - ( 0.0 , 1.0 , 90.0 ) - [ 15.2210609913 , 20.816986084 , 20.9836938381 ]
28 - ( 0.0 , 1.0 , 135.0 ) - [ 17.1622741222 , 19.8610301018 , 21.9291138649 ]
29 - ( 0.0 , 1.0 , 180.0 ) - [ 18.1405770779 , 18.4057331085 , 22.4092538357 ]
30 - ( 0.0 , 1.0 , 225.0 ) - [ 19.0783700943 , 20.3231668472 , 21.4414298534 ]
31 - ( 0.0 , 1.0 , 270.0 ) - [ 19.5433368683 , 21.2838928699 , 20.4932639599 ]
32 - ( 0.0 , 1.0 , 315.0 ) - [ 18.582597971 , 22.246516943 , 19.5374369621 ]
33 - ( 0.25 , 0.25 , 0.0 ) - [ 13.7899580002 , 15.7072939873 , 11.3822109699 ]
34 - ( 0.25 , 0.25 , 45.0 ) - [ 12.8207621574 , 14.264040947 , 9.96477103233 ]
35 - ( 0.25 , 0.25 , 90.0 ) - [ 11.8663580418 , 13.3186779022 , 11.8640220165 ]
36 - ( 0.25 , 0.25 , 135.0 ) - [ 10.4230940342 , 12.3613710403 , 12.823857069 ]
37 - ( 0.25 , 0.25 , 180.0 ) - [ 12.3409490585 , 10.9081540108 , 13.7829139233 ]
38 - ( 0.25 , 0.25 , 225.0 ) - [ 13.3046970367 , 12.8277430534 , 14.2803359032 ]
39 - ( 0.25 , 0.25 , 270.0 ) - [ 14.261370182 , 13.7848658562 , 13.3029720783 ]
40 - ( 0.25 , 0.25 , 315.0 ) - [ 14.744451046 , 14.7414338589 , 12.3500068188 ]
41 - ( 0.25 , 0.5 , 0.0 ) - [ 15.7056758404 , 15.2242479324 , 15.2228970528 ]
42 - ( 0.25 , 0.5 , 45.0 ) - [ 14.7419650555 , 14.2673840523 , 14.7577691078 ]
43 - ( 0.25 , 0.5 , 90.0 ) - [ 13.78034091 , 13.3016688824 , 15.7096350193 ]
44 - ( 0.25 , 0.5 , 135.0 ) - [ 13.3217389584 , 12.3511910439 , 16.6626749039 ]
45 - ( 0.25 , 0.5 , 180.0 ) - [ 14.2846031189 , 13.8017480373 , 17.6231088638 ]
46 - ( 0.25 , 0.5 , 225.0 ) - [ 15.2270710468 , 14.7454020977 , 18.1040568352 ]
47 - ( 0.25 , 0.5 , 270.0 ) - [ 16.1881630421 , 15.7090411186 , 17.1426999569 ]
48 - ( 0.25 , 0.5 , 315.0 ) - [ 16.6644408703 , 16.6630959511 , 16.2005059719 ]
49 - ( 0.25 , 0.75 , 0.0 ) - [ 15.7033410072 , 17.1508419514 , 17.1442320347 ]
50 - ( 0.25 , 0.75 , 45.0 ) - [ 14.7419950962 , 16.1849598885 , 18.5838770866 ]
51 - ( 0.25 , 0.75 , 90.0 ) - [ 13.7819230556 , 15.224312067 , 19.5443410873 ]
52 - ( 0.25 , 0.75 , 135.0 ) - [ 15.2236549854 , 14.7544059753 , 20.5039129257 ]
53 - ( 0.25 , 0.75 , 180.0 ) - [ 16.2108669281 , 15.7026472092 , 21.4642729759 ]
54 - ( 0.25 , 0.75 , 225.0 ) - [ 17.1440091133 , 16.6647582054 , 20.0269420147 ]
55 - ( 0.25 , 0.75 , 270.0 ) - [ 18.1108021736 , 17.6319739819 , 19.0773990154 ]
56 - ( 0.25 , 0.75 , 315.0 ) - [ 16.6631901264 , 18.1046209335 , 18.1014759541 ]
57 - ( 0.25 , 1.0 , 0.0 ) - [ 18.5820879936 , 20.0226430893 , 20.9959728718 ]
58 - ( 0.25 , 1.0 , 45.0 ) - [ 17.6387319565 , 19.0627589226 , 22.4312679768 ]
59 - ( 0.25 , 1.0 , 90.0 ) - [ 16.6801760197 , 18.1037788391 , 23.4008870125 ]
60 - ( 0.25 , 1.0 , 135.0 ) - [ 17.1651389599 , 17.623513937 , 24.3427259922 ]
61 - ( 0.25 , 1.0 , 180.0 ) - [ 18.1225931644 , 18.5830159187 , 25.3024299145 ]
62 - ( 0.25 , 1.0 , 225.0 ) - [ 19.0619571209 , 19.5444638729 , 23.8809168339 ]
63 - ( 0.25 , 1.0 , 270.0 ) - [ 20.0236308575 , 20.5119409561 , 22.9039180279 ]
64 - ( 0.25 , 1.0 , 315.0 ) - [ 19.5412380695 , 20.9835989475 , 21.9435260296 ]
65 - ( 0.5 , 0.25 , 0.0 ) - [ 15.7119581699 , 17.6288640499 , 15.226402998 ]
66 - ( 0.5 , 0.25 , 45.0 ) - [ 14.74497509 , 18.1048219204 , 14.2689349651 ]
67 - ( 0.5 , 0.25 , 90.0 ) - [ 13.7813329697 , 17.1515581608 , 15.7026698589 ]
68 - ( 0.5 , 0.25 , 135.0 ) - [ 12.8317680359 , 16.1820790768 , 16.6617341042 ]
69 - ( 0.5 , 0.25 , 180.0 ) - [ 14.2614679337 , 15.224476099 , 17.6230039597 ]
70 - ( 0.5 , 0.25 , 225.0 ) - [ 15.2213220596 , 14.7447431087 , 18.5846059322 ]
71 - ( 0.5 , 0.25 , 270.0 ) - [ 16.1892709732 , 15.7031919956 , 17.1472918987 ]
72 - ( 0.5 , 0.25 , 315.0 ) - [ 17.1416409016 , 16.6635940075 , 16.1821360588 ]
73 - ( 0.5 , 0.5 , 0.0 ) - [ 17.6256201267 , 19.5421369076 , 17.1442739964 ]
74 - ( 0.5 , 0.5 , 45.0 ) - [ 16.6608769894 , 18.1050930023 , 15.7030670643 ]
75 - ( 0.5 , 0.5 , 90.0 ) - [ 15.7019970417 , 17.1446759701 , 17.6443219185 ]
76 - ( 0.5 , 0.5 , 135.0 ) - [ 13.7829670906 , 16.1846849918 , 18.5836369991 ]
77 - ( 0.5 , 0.5 , 180.0 ) - [ 15.2567958832 , 14.7581670284 , 19.544080019 ]
78 - ( 0.5 , 0.5 , 225.0 ) - [ 16.2165269852 , 16.6629481316 , 20.0239861012 ]
79 - ( 0.5 , 0.5 , 270.0 ) - [ 17.1424911022 , 17.6388418674 , 19.0757009983 ]
80 - ( 0.5 , 0.5 , 315.0 ) - [ 18.5825798512 , 18.5845010281 , 18.1057648659 ]
81 - ( 0.5 , 0.75 , 0.0 ) - [ 19.542648077 , 19.0744390488 , 20.9931468964 ]
82 - ( 0.5 , 0.75 , 45.0 ) - [ 18.5866880417 , 18.10612607 , 20.5010659695 ]
83 - ( 0.5 , 0.75 , 90.0 ) - [ 17.627477169 , 17.1567239761 , 21.4830980301 ]
84 - ( 0.5 , 0.75 , 135.0 ) - [ 16.20378685 , 16.1840791702 , 22.4485878944 ]
85 - ( 0.5 , 0.75 , 180.0 ) - [ 17.1613268852 , 16.6788899899 , 23.3840100765 ]
86 - ( 0.5 , 0.75 , 225.0 ) - [ 18.1225180626 , 17.6314079762 , 23.8652830124 ]
87 - ( 0.5 , 0.75 , 270.0 ) - [ 19.0633101463 , 18.5836489201 , 22.902545929 ]
88 - ( 0.5 , 0.75 , 315.0 ) - [ 20.51760602 , 19.542083025 , 21.9420418739 ]
89 - ( 0.5 , 1.0 , 0.0 ) - [ 21.468159914 , 20.9918549061 , 23.861479044 ]
90 - ( 0.5 , 1.0 , 45.0 ) - [ 20.5023081303 , 20.0220849514 , 23.3847920895 ]
91 - ( 0.5 , 1.0 , 90.0 ) - [ 19.5406880379 , 19.0777277946 , 24.3745260239 ]
92 - ( 0.5 , 1.0 , 135.0 ) - [ 18.1211907864 , 18.1043360233 , 25.3190691471 ]
93 - ( 0.5 , 1.0 , 180.0 ) - [ 19.0839140415 , 19.5436820984 , 26.2618858814 ]
94 - ( 0.5 , 1.0 , 225.0 ) - [ 20.0463290215 , 20.5149371624 , 26.7452979088 ]
95 - ( 0.5 , 1.0 , 270.0 ) - [ 20.9841029644 , 21.4652688503 , 25.7948708534 ]
96 - ( 0.5 , 1.0 , 315.0 ) - [ 22.4232950211 , 22.4225418568 , 24.8327250481 ]
97 - ( 0.75 , 0.25 , 0.0 ) - [ 19.5496549606 , 20.50279212 , 20.9835851192 ]
98 - ( 0.75 , 0.25 , 45.0 ) - [ 18.5908360481 , 21.4641449451 , 20.0337970257 ]
99 - ( 0.75 , 0.25 , 90.0 ) - [ 17.6240952015 , 20.0338270664 , 19.5460729599 ]
100 - ( 0.75 , 0.25 , 135.0 ) - [ 16.6806929111 , 19.0809421539 , 20.5242209435 ]
101 - ( 0.75 , 0.25 , 180.0 ) - [ 16.2024140358 , 18.1177988052 , 21.4849181175 ]
102 - ( 0.75 , 0.25 , 225.0 ) - [ 17.1763458252 , 17.1484899521 , 22.4221749306 ]
103 - ( 0.75 , 0.25 , 270.0 ) - [ 18.1210429668 , 18.5850980282 , 22.9057631493 ]
104 - ( 0.75 , 0.25 , 315.0 ) - [ 19.064139843 , 19.5455319881 , 21.9421238899 ]
105 - ( 0.75 , 0.5 , 0.0 ) - [ 19.5451278687 , 20.5045280457 , 20.9855020046 ]
106 - ( 0.75 , 0.5 , 45.0 ) - [ 18.5830709934 , 20.0220570564 , 20.0256569386 ]
107 - ( 0.75 , 0.5 , 90.0 ) - [ 17.6212079525 , 19.0642981529 , 21.4988520145 ]
108 - ( 0.75 , 0.5 , 135.0 ) - [ 16.6619470119 , 18.1062960625 , 22.4425008297 ]
109 - ( 0.75 , 0.5 , 180.0 ) - [ 17.1722021103 , 17.1494090557 , 23.4027678967 ]
110 - ( 0.75 , 0.5 , 225.0 ) - [ 18.1254239082 , 17.629830122 , 24.343526125 ]
111 - ( 0.75 , 0.5 , 270.0 ) - [ 19.0627598763 , 18.5835950375 , 22.9130830765 ]
112 - ( 0.75 , 0.5 , 315.0 ) - [ 20.0215709209 , 19.5436820984 , 21.9423789978 ]
113 - ( 0.75 , 0.75 , 0.0 ) - [ 20.5205879211 , 22.4260349274 , 22.9037458897 ]
114 - ( 0.75 , 0.75 , 45.0 ) - [ 19.5484728813 , 20.9802191257 , 21.4620950222 ]
115 - ( 0.75 , 0.75 , 90.0 ) - [ 18.5817010403 , 20.0227119923 , 23.4016819 ]
116 - ( 0.75 , 0.75 , 135.0 ) - [ 17.1427111626 , 19.0632128716 , 24.3633048534 ]
117 - ( 0.75 , 0.75 , 180.0 ) - [ 19.0928981304 , 17.625868082 , 25.3166549206 ]
118 - ( 0.75 , 0.75 , 225.0 ) - [ 20.0499660969 , 19.5445270538 , 25.7870690823 ]
119 - ( 0.75 , 0.75 , 270.0 ) - [ 21.0008749962 , 20.5012850761 , 24.8230478764 ]
120 - ( 0.75 , 0.75 , 315.0 ) - [ 21.4623150826 , 21.4626281261 , 23.8623600006 ]
121 - ( 0.75 , 1.0 , 0.0 ) - [ 22.4351160526 , 23.8768639565 , 25.7955629826 ]
122 - ( 0.75 , 1.0 , 45.0 ) - [ 21.4786570072 , 22.9023809433 , 25.3055040836 ]
123 - ( 0.75 , 1.0 , 90.0 ) - [ 20.5031290054 , 21.9434299469 , 26.2945170403 ]
124 - ( 0.75 , 1.0 , 135.0 ) - [ 19.0978031158 , 20.9829030037 , 27.2236430645 ]
125 - ( 0.75 , 1.0 , 180.0 ) - [ 20.0212349892 , 20.502352953 , 28.183314085 ]
126 - ( 0.75 , 1.0 , 225.0 ) - [ 21.0025098324 , 21.4785029888 , 28.6676380634 ]
127 - ( 0.75 , 1.0 , 270.0 ) - [ 21.9408209324 , 22.4393589497 , 27.7051250935 ]
128 - ( 0.75 , 1.0 , 315.0 ) - [ 23.3814508915 , 23.3852260113 , 26.7425849438 ]
129 - ( 1.0 , 0.25 , 0.0 ) - [ 22.4367489815 , 24.3432798386 , 24.8256409168 ]
130 - ( 1.0 , 0.25 , 45.0 ) - [ 21.4633529186 , 25.3027360439 , 23.8633949757 ]
131 - ( 1.0 , 0.25 , 90.0 ) - [ 20.5027680397 , 23.8627641201 , 23.3930459023 ]
132 - ( 1.0 , 0.25 , 135.0 ) - [ 19.5479030609 , 22.9135839939 , 24.3625299931 ]
133 - ( 1.0 , 0.25 , 180.0 ) - [ 18.1326639652 , 21.9543478489 , 25.3233258724 ]
134 - ( 1.0 , 0.25 , 225.0 ) - [ 19.0831780434 , 20.9833581448 , 26.2623438835 ]
135 - ( 1.0 , 0.25 , 270.0 ) - [ 20.0415098667 , 22.4296469688 , 26.7451310158 ]
136 - ( 1.0 , 0.25 , 315.0 ) - [ 20.9883267879 , 23.3824601173 , 25.7824192047 ]
137 - ( 1.0 , 0.5 , 0.0 ) - [ 21.4612350464 , 24.3435871601 , 23.8627171516 ]
138 - ( 1.0 , 0.5 , 45.0 ) - [ 20.5004730225 , 24.8230500221 , 22.9016349316 ]
139 - ( 1.0 , 0.5 , 90.0 ) - [ 19.5465488434 , 23.8842368126 , 24.3439879417 ]
140 - ( 1.0 , 0.5 , 135.0 ) - [ 18.5916359425 , 22.9029829502 , 25.324411869 ]
141 - ( 1.0 , 0.5 , 180.0 ) - [ 19.0920288563 , 21.9421379566 , 26.2626228333 ]
142 - ( 1.0 , 0.5 , 225.0 ) - [ 20.0427601337 , 21.4643769264 , 27.2266879082 ]
143 - ( 1.0 , 0.5 , 270.0 ) - [ 20.9904148579 , 22.4226551056 , 25.7815871239 ]
144 - ( 1.0 , 0.5 , 315.0 ) - [ 21.942510128 , 23.3890259266 , 24.843708992 ]
145 - ( 1.0 , 0.75 , 0.0 ) - [ 22.4250929356 , 25.3025319576 , 25.7819831371 ]
146 - ( 1.0 , 0.75 , 45.0 ) - [ 21.4717180729 , 23.862705946 , 24.8277959824 ]
147 - ( 1.0 , 0.75 , 90.0 ) - [ 20.5038020611 , 22.9107351303 , 26.2960631847 ]
148 - ( 1.0 , 0.75 , 135.0 ) - [ 19.5429589748 , 21.9446351528 , 27.242857933 ]
149 - ( 1.0 , 0.75 , 180.0 ) - [ 20.0414869785 , 20.9822039604 , 28.1830918789 ]
150 - ( 1.0 , 0.75 , 225.0 ) - [ 21.018404007 , 22.4216740131 , 29.1441690922 ]
151 - ( 1.0 , 0.75 , 270.0 ) - [ 21.9427318573 , 23.3823750019 , 27.717744112 ]
152 - ( 1.0 , 0.75 , 315.0 ) - [ 22.9079110622 , 24.3452949524 , 26.7435779572 ]
153 - ( 1.0 , 1.0 , 0.0 ) - [ 24.3609449863 , 26.2622110844 , 28.672205925 ]
154 - ( 1.0 , 1.0 , 45.0 ) - [ 23.3820641041 , 24.8237888813 , 27.2224919796 ]
155 - ( 1.0 , 1.0 , 90.0 ) - [ 22.4222099781 , 23.8675928116 , 29.1636939049 ]
156 - ( 1.0 , 1.0 , 135.0 ) - [ 20.5241789818 , 22.9053599834 , 30.1206331253 ]
157 - ( 1.0 , 1.0 , 180.0 ) - [ 21.9424901009 , 21.4613060951 , 31.0628910065 ]
158 - ( 1.0 , 1.0 , 225.0 ) - [ 22.9211001396 , 23.3829860687 , 31.5448241234 ]
159 - ( 1.0 , 1.0 , 270.0 ) - [ 23.8653109074 , 24.3450448513 , 30.5834980011 ]
160 - ( 1.0 , 1.0 , 315.0 ) - [ 25.3203661442 , 25.3042509556 , 29.6230771542 ]
