(1.0399999618530273, 1.0499999523162842)
(1.0399999618530273, 1.0499999523162842)
(1.0399999618530273, 1.0499999523162842)
(1.0399999618530273, 1.0499999523162842)
(1.0399999618530273, 1.0499999523162842)
(1.0399999618530273, 1.0499999523162842)
(1.0399999618530273, 1.0499999523162842)
(1.0499999523162842, 1.0399999618530273)
(1.0499999523162842, 1.0399999618530273)
(1.0499999523162842, 1.0399999618530273)
(1.0499999523162842, 1.0399999618530273)
(1.0499999523162842, 1.0399999618530273)
(1.0499999523162842, 1.0499999523162842)
(1.0499999523162842, 1.0499999523162842)
(1.0499999523162842, 1.0499999523162842)
(1.0499999523162842, 1.0499999523162842)
(1.0499999523162842, 1.0499999523162842)
(1.059999942779541, 1.0499999523162842)
(1.059999942779541, 1.0499999523162842)
(1.059999942779541, 1.0499999523162842)
(1.059999942779541, 1.0499999523162842)
(1.059999942779541, 1.0499999523162842)
(1.059999942779541, 0.69999998807907104)
(1.059999942779541, 0.69999998807907104)
(1.059999942779541, 0.69999998807907104)
(1.059999942779541, 0.69999998807907104)
(1.059999942779541, 0.69999998807907104)
(1.0499999523162842, 1.0499999523162842)
(1.0499999523162842, 1.0499999523162842)
(1.0499999523162842, 1.0499999523162842)
(1.0499999523162842, 1.0499999523162842)
(1.0499999523162842, 1.0499999523162842)
(1.059999942779541, 0.68999999761581421)
(1.059999942779541, 0.68999999761581421)
(1.059999942779541, 0.68999999761581421)
(1.059999942779541, 0.68999999761581421)
(1.059999942779541, 0.68999999761581421)
(1.0499999523162842, 0.69999998807907104)
(1.0499999523162842, 0.69999998807907104)
(1.0499999523162842, 0.69999998807907104)
(1.0499999523162842, 0.69999998807907104)
(1.0499999523162842, 0.69999998807907104)
(1.0399999618530273, 1.0900000333786011)
(1.0399999618530273, 1.0900000333786011)
(1.0399999618530273, 1.0900000333786011)
(1.0399999618530273, 1.0900000333786011)
(1.0399999618530273, 1.0900000333786011)
(1.0399999618530273, 1.0499999523162842)
(1.0399999618530273, 1.0499999523162842)
(1.0399999618530273, 1.0499999523162842)
(1.0399999618530273, 1.0499999523162842)
(1.0399999618530273, 1.0499999523162842)
(1.0499999523162842, 0.68999999761581421)
(1.0499999523162842, 0.68999999761581421)
(1.0499999523162842, 0.68999999761581421)
(1.0499999523162842, 0.68999999761581421)
(1.0499999523162842, 0.68999999761581421)
(1.059999942779541, 1.0499999523162842)
(1.059999942779541, 1.0499999523162842)
(1.059999942779541, 1.0499999523162842)
(1.059999942779541, 1.0499999523162842)
(1.059999942779541, 1.0499999523162842)
(1.0399999618530273, 0.68000000715255737)
(1.0399999618530273, 0.68000000715255737)
(1.0399999618530273, 0.68000000715255737)
(1.0399999618530273, 0.68000000715255737)
(1.0399999618530273, 0.68000000715255737)
(1.0699999332427979, 1.0499999523162842)
(1.0699999332427979, 1.0499999523162842)
(1.0699999332427979, 1.0499999523162842)
(1.0699999332427979, 1.0499999523162842)
(1.0699999332427979, 1.0499999523162842)
(1.059999942779541, 0.68999999761581421)
(1.059999942779541, 0.68999999761581421)
(1.059999942779541, 0.68999999761581421)
(1.059999942779541, 0.68999999761581421)
(1.059999942779541, 0.68999999761581421)
(1.0399999618530273, 1.059999942779541)
(1.0399999618530273, 1.059999942779541)
(1.0399999618530273, 1.059999942779541)
(1.0399999618530273, 1.059999942779541)
(1.0399999618530273, 1.059999942779541)
(1.0399999618530273, 0.68999999761581421)
(1.0399999618530273, 0.68999999761581421)
(1.0399999618530273, 0.68999999761581421)
(1.0399999618530273, 0.68999999761581421)
(1.0399999618530273, 0.68999999761581421)
(1.0399999618530273, 0.70999997854232788)
(1.0399999618530273, 0.70999997854232788)
(1.0399999618530273, 0.70999997854232788)
(1.0399999618530273, 0.70999997854232788)
(1.0399999618530273, 0.70999997854232788)
(1.0399999618530273, 1.0399999618530273)
(1.0399999618530273, 1.0399999618530273)
(1.0399999618530273, 1.0399999618530273)
(1.0399999618530273, 1.0399999618530273)
(1.0399999618530273, 1.0399999618530273)
(1.0799999237060547, 0.68999999761581421)
(1.0799999237060547, 0.68999999761581421)
(1.0799999237060547, 0.68999999761581421)
(1.0799999237060547, 0.68999999761581421)
(1.0799999237060547, 0.68999999761581421)
(1.0799999237060547, 0.68999999761581421)
(1.0399999618530273, 1.0399999618530273)
(1.0399999618530273, 1.0399999618530273)
(1.0399999618530273, 1.0399999618530273)
(1.0399999618530273, 1.0399999618530273)
(1.0499999523162842, 1.0499999523162842)
(1.0499999523162842, 1.0499999523162842)
(1.0499999523162842, 1.0499999523162842)
(1.0499999523162842, 1.0499999523162842)
(1.0499999523162842, 1.0499999523162842)
(1.0499999523162842, 1.0499999523162842)
(1.0499999523162842, 1.0499999523162842)
(1.0499999523162842, 1.0499999523162842)
(1.0499999523162842, 1.0499999523162842)
(1.0499999523162842, 1.0499999523162842)
(1.0499999523162842, 0.68999999761581421)
(1.0499999523162842, 0.68999999761581421)
(1.0499999523162842, 0.68999999761581421)
(1.0499999523162842, 0.68999999761581421)
(1.0499999523162842, 0.68999999761581421)
(1.0299999713897705, 1.0499999523162842)
(1.0299999713897705, 1.0499999523162842)
(1.0299999713897705, 1.0499999523162842)
(1.0299999713897705, 1.0499999523162842)
(1.0299999713897705, 1.0499999523162842)
(1.0499999523162842, 1.0399999618530273)
(1.0499999523162842, 1.0399999618530273)
(1.0499999523162842, 1.0399999618530273)
(1.0499999523162842, 1.0399999618530273)
(1.0499999523162842, 1.0399999618530273)
(1.0399999618530273, 0.69999998807907104)
(1.0399999618530273, 0.69999998807907104)
(1.0399999618530273, 0.69999998807907104)
(1.0399999618530273, 0.69999998807907104)
(1.0399999618530273, 0.69999998807907104)
(1.0499999523162842, 1.0499999523162842)
(1.0499999523162842, 1.0499999523162842)
(1.0499999523162842, 1.0499999523162842)
(1.0499999523162842, 1.0499999523162842)
(1.0499999523162842, 1.0499999523162842)
(1.0499999523162842, 0.68999999761581421)
(1.0499999523162842, 0.68999999761581421)
(1.0499999523162842, 0.68999999761581421)
(1.0499999523162842, 0.68999999761581421)
(1.0499999523162842, 0.68999999761581421)
(1.0499999523162842, 0.70999997854232788)
(1.0499999523162842, 0.70999997854232788)
(1.0499999523162842, 0.70999997854232788)
(1.0499999523162842, 0.70999997854232788)
(1.0499999523162842, 0.70999997854232788)
(1.0499999523162842, 0.68000000715255737)
(1.0499999523162842, 0.68000000715255737)
(1.0499999523162842, 0.68000000715255737)
(1.0499999523162842, 0.68000000715255737)
(1.0499999523162842, 0.68000000715255737)
(1.059999942779541, 1.0499999523162842)
(1.059999942779541, 1.0499999523162842)
(1.059999942779541, 1.0499999523162842)
(1.059999942779541, 1.0499999523162842)
(1.059999942779541, 1.0499999523162842)
(1.0499999523162842, 1.0499999523162842)
(1.0499999523162842, 1.0499999523162842)
(1.0499999523162842, 1.0499999523162842)
(1.0499999523162842, 1.0499999523162842)
(1.0499999523162842, 1.0499999523162842)
(1.0699999332427979, 1.0299999713897705)
(1.0699999332427979, 1.0299999713897705)
(1.0699999332427979, 1.0299999713897705)
(1.0699999332427979, 1.0299999713897705)
(1.0699999332427979, 1.0299999713897705)
(1.0499999523162842, 1.0399999618530273)
(1.0499999523162842, 1.0399999618530273)
(1.0499999523162842, 1.0399999618530273)
(1.0499999523162842, 1.0399999618530273)
(1.0499999523162842, 1.0399999618530273)
(1.0399999618530273, 1.0499999523162842)
(1.0399999618530273, 1.0499999523162842)
(1.0399999618530273, 1.0499999523162842)
(1.0399999618530273, 1.0499999523162842)
(1.0399999618530273, 1.0499999523162842)
(1.059999942779541, 1.0399999618530273)
(1.059999942779541, 1.0399999618530273)
(1.059999942779541, 1.0399999618530273)
(1.059999942779541, 1.0399999618530273)
(1.059999942779541, 1.0399999618530273)
(1.0499999523162842, 1.0299999713897705)
(1.0499999523162842, 1.0299999713897705)
(1.0499999523162842, 1.0299999713897705)
(1.0499999523162842, 1.0299999713897705)
(1.0499999523162842, 1.0299999713897705)
(1.0499999523162842, 1.0399999618530273)
(1.0499999523162842, 1.0399999618530273)
(1.0499999523162842, 1.0399999618530273)
(1.0499999523162842, 1.0399999618530273)
(1.0499999523162842, 1.0399999618530273)
(1.0399999618530273, 1.0499999523162842)
(1.0399999618530273, 1.0499999523162842)
(1.0399999618530273, 1.0499999523162842)
(1.0399999618530273, 1.0499999523162842)
(1.0399999618530273, 1.0499999523162842)
(1.059999942779541, 1.059999942779541)
(1.059999942779541, 1.059999942779541)
(1.059999942779541, 1.059999942779541)
(1.059999942779541, 1.059999942779541)
(1.059999942779541, 1.059999942779541)
(1.0399999618530273, 1.0799999237060547)
(1.0399999618530273, 1.0799999237060547)
(1.0399999618530273, 1.0799999237060547)
(1.0399999618530273, 1.0799999237060547)
(1.0399999618530273, 1.0799999237060547)
(1.0399999618530273, 0.68999999761581421)
(1.0399999618530273, 0.68999999761581421)
(1.0399999618530273, 0.68999999761581421)
(1.0399999618530273, 0.68999999761581421)
(1.0399999618530273, 0.68999999761581421)
(1.0699999332427979, 1.0499999523162842)
(1.0699999332427979, 1.0499999523162842)
(1.0699999332427979, 1.0499999523162842)
(1.0699999332427979, 1.0499999523162842)
(1.0699999332427979, 1.0499999523162842)
(1.059999942779541, 1.0499999523162842)
(1.059999942779541, 1.0499999523162842)
(1.059999942779541, 1.0499999523162842)
(1.059999942779541, 1.0499999523162842)
(1.059999942779541, 1.0499999523162842)
(1.0499999523162842, 1.1100000143051147)
(1.0499999523162842, 1.1100000143051147)
(1.0499999523162842, 1.1100000143051147)
(1.0499999523162842, 1.1100000143051147)
(1.0499999523162842, 1.1100000143051147)
(1.0499999523162842, 1.0299999713897705)
(1.0499999523162842, 1.0299999713897705)
(1.0499999523162842, 1.0299999713897705)
(1.0499999523162842, 1.0299999713897705)
(1.0499999523162842, 1.0299999713897705)
(1.0699999332427979, 1.059999942779541)
(1.0699999332427979, 1.059999942779541)
(1.0699999332427979, 1.059999942779541)
(1.0699999332427979, 1.059999942779541)
(1.0699999332427979, 1.059999942779541)
(1.0499999523162842, 1.0499999523162842)
(1.0499999523162842, 1.0499999523162842)
(1.0499999523162842, 1.0499999523162842)
(1.0499999523162842, 1.0499999523162842)
(1.0499999523162842, 1.0499999523162842)
(1.0399999618530273, 1.0699999332427979)
(1.0399999618530273, 1.0699999332427979)
(1.0399999618530273, 1.0699999332427979)
(1.0399999618530273, 1.0699999332427979)
(1.0399999618530273, 1.0699999332427979)
(1.0499999523162842, 1.0299999713897705)
(1.0499999523162842, 1.0299999713897705)
(1.0499999523162842, 1.0299999713897705)
(1.0499999523162842, 1.0299999713897705)
(1.0499999523162842, 1.0299999713897705)
(1.0399999618530273, 1.0499999523162842)
(1.0399999618530273, 1.0499999523162842)
(1.0399999618530273, 1.0499999523162842)
(1.0399999618530273, 1.0499999523162842)
(1.0399999618530273, 1.0499999523162842)
(1.0399999618530273, 1.0399999618530273)
(1.0399999618530273, 1.0399999618530273)
(1.0399999618530273, 1.0399999618530273)
(1.0399999618530273, 1.0399999618530273)
(1.0399999618530273, 1.0399999618530273)
(1.0499999523162842, 1.0499999523162842)
(1.0499999523162842, 1.0499999523162842)
(1.0499999523162842, 1.0499999523162842)
(1.0499999523162842, 1.0499999523162842)
(1.0499999523162842, 1.0499999523162842)
(1.059999942779541, 1.0499999523162842)
(1.059999942779541, 1.0499999523162842)
(1.059999942779541, 1.0499999523162842)
(1.059999942779541, 1.0499999523162842)
(1.059999942779541, 1.0499999523162842)
(1.0499999523162842, 1.0499999523162842)
(1.0499999523162842, 1.0499999523162842)
(1.0499999523162842, 1.0499999523162842)
(1.0499999523162842, 1.0499999523162842)
(1.0499999523162842, 1.0499999523162842)
(1.059999942779541, 1.0499999523162842)
(1.059999942779541, 1.0499999523162842)
(1.059999942779541, 1.0499999523162842)
(1.059999942779541, 1.0499999523162842)
(1.059999942779541, 1.0499999523162842)
(1.059999942779541, 1.0399999618530273)
(1.059999942779541, 1.0399999618530273)
(1.059999942779541, 1.0399999618530273)
(1.059999942779541, 1.0399999618530273)
(1.059999942779541, 1.0399999618530273)
(1.0499999523162842, 1.0399999618530273)
(1.0499999523162842, 1.0399999618530273)
(1.0499999523162842, 1.0399999618530273)
(1.0499999523162842, 1.0399999618530273)
(1.0499999523162842, 1.0399999618530273)
(1.0499999523162842, 1.0399999618530273)
(1.0499999523162842, 1.0399999618530273)
(1.0499999523162842, 1.0399999618530273)
(1.0499999523162842, 1.0399999618530273)
(1.0499999523162842, 1.0399999618530273)
(1.059999942779541, 1.0399999618530273)
(1.059999942779541, 1.0399999618530273)
(1.059999942779541, 1.0399999618530273)
(1.059999942779541, 1.0399999618530273)
(1.059999942779541, 1.0399999618530273)
(1.0499999523162842, 1.0699999332427979)
(1.0499999523162842, 1.0699999332427979)
(1.0499999523162842, 1.0699999332427979)
(1.0499999523162842, 1.0699999332427979)
(1.0499999523162842, 1.0699999332427979)
(1.0499999523162842, 1.0699999332427979)
(1.0499999523162842, 1.0499999523162842)
(1.0499999523162842, 1.0499999523162842)
(1.0499999523162842, 1.0499999523162842)
(1.0499999523162842, 1.0499999523162842)
(1.0399999618530273, 1.0499999523162842)
(1.0399999618530273, 1.0499999523162842)
(1.0399999618530273, 1.0499999523162842)
(1.0399999618530273, 1.0499999523162842)
(1.0399999618530273, 1.0499999523162842)
(1.0499999523162842, 1.0399999618530273)
(1.0499999523162842, 1.0399999618530273)
(1.0499999523162842, 1.0399999618530273)
(1.0499999523162842, 1.0399999618530273)
(1.0499999523162842, 1.0399999618530273)
(1.0499999523162842, 1.0499999523162842)
(1.0499999523162842, 1.0499999523162842)
(1.0499999523162842, 1.0499999523162842)
(1.0499999523162842, 1.0499999523162842)
(1.0499999523162842, 1.0499999523162842)
(1.059999942779541, 1.0499999523162842)
(1.059999942779541, 1.0499999523162842)
(1.059999942779541, 1.0499999523162842)
(1.059999942779541, 1.0499999523162842)
(1.059999942779541, 1.0499999523162842)
(1.0399999618530273, 1.0399999618530273)
(1.0399999618530273, 1.0399999618530273)
(1.0399999618530273, 1.0399999618530273)
(1.0399999618530273, 1.0399999618530273)
(1.0399999618530273, 1.0399999618530273)
(1.059999942779541, 1.0499999523162842)
(1.059999942779541, 1.0499999523162842)
(1.059999942779541, 1.0499999523162842)
(1.059999942779541, 1.0499999523162842)
(1.059999942779541, 1.0499999523162842)
(1.0499999523162842, 1.0399999618530273)
(1.0499999523162842, 1.0399999618530273)
(1.0499999523162842, 1.0399999618530273)
(1.0499999523162842, 1.0399999618530273)
(1.0499999523162842, 1.0399999618530273)
(1.059999942779541, 1.0499999523162842)
(1.059999942779541, 1.0499999523162842)
(1.059999942779541, 1.0499999523162842)
(1.059999942779541, 1.0499999523162842)
(1.059999942779541, 1.0499999523162842)
(1.0399999618530273, 1.0399999618530273)
(1.0399999618530273, 1.0399999618530273)
(1.0399999618530273, 1.0399999618530273)
(1.0399999618530273, 1.0399999618530273)
(1.0399999618530273, 1.0399999618530273)
(1.0399999618530273, 0.69999998807907104)
(1.0399999618530273, 0.69999998807907104)
(1.0399999618530273, 0.69999998807907104)
(1.0399999618530273, 0.69999998807907104)
(1.0399999618530273, 0.69999998807907104)
(1.0499999523162842, 1.0399999618530273)
(1.0499999523162842, 1.0399999618530273)
(1.0499999523162842, 1.0399999618530273)
(1.0499999523162842, 1.0399999618530273)
(1.0499999523162842, 1.0399999618530273)
(1.059999942779541, 1.0399999618530273)
(1.059999942779541, 1.0399999618530273)
(1.059999942779541, 1.0399999618530273)
(1.059999942779541, 1.0399999618530273)
(1.059999942779541, 1.0399999618530273)
(1.0699999332427979, 1.0399999618530273)
(1.0699999332427979, 1.0399999618530273)
(1.0699999332427979, 1.0399999618530273)
(1.0699999332427979, 1.0399999618530273)
(1.0699999332427979, 1.0399999618530273)
(1.0399999618530273, 1.0499999523162842)
(1.0399999618530273, 1.0499999523162842)
(1.0399999618530273, 1.0499999523162842)
(1.0399999618530273, 1.0499999523162842)
(1.0399999618530273, 1.0499999523162842)
(1.0900000333786011, 1.0399999618530273)
(1.0900000333786011, 1.0399999618530273)
(1.0900000333786011, 1.0399999618530273)
(1.0900000333786011, 1.0399999618530273)
(1.0900000333786011, 1.0399999618530273)
(1.0699999332427979, 1.0799999237060547)
(1.0699999332427979, 1.0799999237060547)
(1.0699999332427979, 1.0799999237060547)
(1.0699999332427979, 1.0799999237060547)
(1.0699999332427979, 1.0799999237060547)
(1.059999942779541, 1.0399999618530273)
(1.059999942779541, 1.0399999618530273)
(1.059999942779541, 1.0399999618530273)
(1.059999942779541, 1.0399999618530273)
(1.059999942779541, 1.0399999618530273)
(1.059999942779541, 1.0399999618530273)
(1.059999942779541, 1.0399999618530273)
(1.059999942779541, 1.0399999618530273)
(1.059999942779541, 1.0399999618530273)
(1.059999942779541, 1.0399999618530273)
(1.0799999237060547, 1.0399999618530273)
(1.0799999237060547, 1.0399999618530273)
(1.0799999237060547, 1.0399999618530273)
(1.0799999237060547, 1.0399999618530273)
(1.0799999237060547, 1.0399999618530273)
(1.4199999570846558, 1.0499999523162842)
(1.4199999570846558, 1.0499999523162842)
(1.4199999570846558, 1.0499999523162842)
(1.4199999570846558, 1.0499999523162842)
(1.4199999570846558, 1.0499999523162842)
(1.059999942779541, 1.0299999713897705)
(1.059999942779541, 1.0299999713897705)
(1.059999942779541, 1.0299999713897705)
(1.059999942779541, 1.0299999713897705)
(1.059999942779541, 1.0299999713897705)
(1.5299999713897705, 1.0499999523162842)
(1.5299999713897705, 1.0499999523162842)
(1.5299999713897705, 1.0499999523162842)
(1.5299999713897705, 1.0499999523162842)
(1.5299999713897705, 1.0499999523162842)
(1.0399999618530273, 1.0399999618530273)
(1.0399999618530273, 1.0399999618530273)
(1.0399999618530273, 1.0399999618530273)
(1.0399999618530273, 1.0399999618530273)
(1.0399999618530273, 1.0399999618530273)
(1.0399999618530273, 1.0399999618530273)
(1.0399999618530273, 1.0399999618530273)
(1.0399999618530273, 1.0399999618530273)
(1.0399999618530273, 1.0399999618530273)
(1.0399999618530273, 1.0399999618530273)
(1.0499999523162842, 1.0799999237060547)
(1.0499999523162842, 1.0799999237060547)
(1.0499999523162842, 1.0799999237060547)
(1.0499999523162842, 1.0799999237060547)
(1.0499999523162842, 1.0799999237060547)
(1.0399999618530273, 1.059999942779541)
(1.0399999618530273, 1.059999942779541)
(1.0399999618530273, 1.059999942779541)
(1.0399999618530273, 1.059999942779541)
(1.0399999618530273, 1.059999942779541)
(1.059999942779541, 1.0299999713897705)
(1.059999942779541, 1.0299999713897705)
(1.059999942779541, 1.0299999713897705)
(1.059999942779541, 1.0299999713897705)
(1.059999942779541, 1.0299999713897705)
(1.059999942779541, 0.62000000476837158)
(1.059999942779541, 0.62000000476837158)
(1.059999942779541, 0.62000000476837158)
(1.059999942779541, 0.62000000476837158)
(1.059999942779541, 0.62000000476837158)
(1.0399999618530273, 1.0399999618530273)
(1.0399999618530273, 1.0399999618530273)
(1.0399999618530273, 1.0399999618530273)
(1.0399999618530273, 1.0399999618530273)
(1.0399999618530273, 1.0399999618530273)
(1.0399999618530273, 1.0699999332427979)
(1.0399999618530273, 1.0699999332427979)
(1.0399999618530273, 1.0699999332427979)
(1.0399999618530273, 1.0699999332427979)
(1.0399999618530273, 1.0699999332427979)
(1.0399999618530273, 1.0399999618530273)
(1.0399999618530273, 1.0399999618530273)
(1.0399999618530273, 1.0399999618530273)
(1.0399999618530273, 1.0399999618530273)
(1.0399999618530273, 1.0399999618530273)
(1.0699999332427979, 1.059999942779541)
(1.0699999332427979, 1.059999942779541)
(1.0699999332427979, 1.059999942779541)
(1.0699999332427979, 1.059999942779541)
(1.0699999332427979, 1.059999942779541)
(1.0699999332427979, 1.0399999618530273)
(1.0699999332427979, 1.0399999618530273)
(1.0699999332427979, 1.0399999618530273)
(1.0699999332427979, 1.0399999618530273)
(1.0699999332427979, 1.0399999618530273)
(1.0699999332427979, 1.0399999618530273)
(1.0699999332427979, 1.0399999618530273)
(1.0699999332427979, 1.0399999618530273)
(1.0699999332427979, 1.0399999618530273)
(1.0699999332427979, 1.0399999618530273)
(1.0499999523162842, 1.059999942779541)
(1.0499999523162842, 1.059999942779541)
(1.0499999523162842, 1.059999942779541)
(1.0499999523162842, 1.059999942779541)
(1.0499999523162842, 1.059999942779541)
(1.4900000095367432, 1.0499999523162842)
(1.4900000095367432, 1.0499999523162842)
(1.4900000095367432, 1.0499999523162842)
(1.4900000095367432, 1.0499999523162842)
(1.4900000095367432, 1.0499999523162842)
(1.059999942779541, 1.0399999618530273)
(1.059999942779541, 1.0399999618530273)
(1.059999942779541, 1.0399999618530273)
(1.059999942779541, 1.0399999618530273)
(1.059999942779541, 1.0399999618530273)
(1.059999942779541, 1.0199999809265137)
(1.059999942779541, 1.0199999809265137)
(1.059999942779541, 1.0199999809265137)
(1.059999942779541, 1.0199999809265137)
(1.059999942779541, 1.0199999809265137)
(1.1399999856948853, 1.0299999713897705)
(1.1399999856948853, 1.0299999713897705)
(1.1399999856948853, 1.0299999713897705)
(1.1399999856948853, 1.0299999713897705)
(1.1399999856948853, 1.0299999713897705)
(1.0399999618530273, 1.0399999618530273)
(1.0399999618530273, 1.0399999618530273)
(1.0399999618530273, 1.0399999618530273)
(1.0399999618530273, 1.0399999618530273)
(1.0399999618530273, 1.0399999618530273)
(1.0699999332427979, 1.0299999713897705)
(1.0699999332427979, 1.0299999713897705)
(1.0699999332427979, 1.0299999713897705)
(1.0699999332427979, 1.0299999713897705)
(1.0699999332427979, 1.0299999713897705)
(1.0499999523162842, 1.0399999618530273)
(1.0499999523162842, 1.0399999618530273)
(1.0499999523162842, 1.0399999618530273)
(1.0499999523162842, 1.0399999618530273)
(1.0499999523162842, 1.0399999618530273)
(1.4499999284744263, 1.0399999618530273)
(1.4499999284744263, 1.0399999618530273)
(1.4499999284744263, 1.0399999618530273)
(1.4499999284744263, 1.0399999618530273)
(1.4499999284744263, 1.0399999618530273)
(1.0399999618530273, 1.059999942779541)
(1.0399999618530273, 1.059999942779541)
(1.0399999618530273, 1.059999942779541)
(1.0399999618530273, 1.059999942779541)
(1.0399999618530273, 1.059999942779541)
(1.0299999713897705, 1.0399999618530273)
(1.0299999713897705, 1.0399999618530273)
(1.0299999713897705, 1.0399999618530273)
(1.0299999713897705, 1.0399999618530273)
(1.0299999713897705, 1.0399999618530273)
(1.1299999952316284, 1.0399999618530273)
(1.1299999952316284, 1.0399999618530273)
(1.1299999952316284, 1.0399999618530273)
(1.1299999952316284, 1.0399999618530273)
(1.1299999952316284, 1.0399999618530273)
(1.0399999618530273, 1.0399999618530273)
(1.0399999618530273, 1.0399999618530273)
(1.0399999618530273, 1.0399999618530273)
(1.0399999618530273, 1.0399999618530273)
(1.0699999332427979, 1.0399999618530273)
(1.0699999332427979, 1.0399999618530273)
(1.0699999332427979, 1.0399999618530273)
(1.0699999332427979, 1.0399999618530273)
(1.0699999332427979, 1.0399999618530273)
(1.0699999332427979, 1.0399999618530273)
(1.0399999618530273, 1.0399999618530273)
(1.0399999618530273, 1.0399999618530273)
(1.0399999618530273, 1.0399999618530273)
(1.0399999618530273, 1.0399999618530273)
(1.0399999618530273, 1.0399999618530273)
(1.059999942779541, 1.0499999523162842)
(1.059999942779541, 1.0499999523162842)
(1.059999942779541, 1.0499999523162842)
(1.059999942779541, 1.0499999523162842)
(1.059999942779541, 1.0499999523162842)
(1.0399999618530273, 1.0299999713897705)
(1.0399999618530273, 1.0299999713897705)
(1.0399999618530273, 1.0299999713897705)
(1.0399999618530273, 1.0299999713897705)
(1.0399999618530273, 1.0299999713897705)
(1.0499999523162842, 1.0399999618530273)
(1.0499999523162842, 1.0399999618530273)
(1.0499999523162842, 1.0399999618530273)
(1.0499999523162842, 1.0399999618530273)
(1.0499999523162842, 1.0399999618530273)
(1.059999942779541, 1.0399999618530273)
(1.059999942779541, 1.0399999618530273)
(1.059999942779541, 1.0399999618530273)
(1.059999942779541, 1.0399999618530273)
(1.059999942779541, 1.0399999618530273)
(1.0699999332427979, 1.0399999618530273)
(1.0699999332427979, 1.0399999618530273)
(1.0699999332427979, 1.0399999618530273)
(1.0699999332427979, 1.0399999618530273)
(1.0699999332427979, 1.0399999618530273)
(1.0699999332427979, 1.0499999523162842)
(1.0699999332427979, 1.0499999523162842)
(1.0699999332427979, 1.0499999523162842)
(1.0699999332427979, 1.0499999523162842)
(1.0699999332427979, 1.0499999523162842)
(1.0499999523162842, 1.0399999618530273)
(1.0499999523162842, 1.0399999618530273)
(1.0499999523162842, 1.0399999618530273)
(1.0499999523162842, 1.0399999618530273)
(1.0499999523162842, 1.0399999618530273)
(1.0499999523162842, 1.0299999713897705)
(1.0499999523162842, 1.0299999713897705)
(1.0499999523162842, 1.0299999713897705)
(1.0499999523162842, 1.0299999713897705)
(1.0499999523162842, 1.0299999713897705)
(1.0499999523162842, 1.0399999618530273)
(1.0499999523162842, 1.0399999618530273)
(1.0499999523162842, 1.0399999618530273)
(1.0499999523162842, 1.0399999618530273)
(1.0499999523162842, 1.0399999618530273)
(1.0499999523162842, 1.0399999618530273)
(1.0499999523162842, 1.0399999618530273)
(1.0499999523162842, 1.0399999618530273)
(1.0499999523162842, 1.0399999618530273)
(1.0499999523162842, 1.0399999618530273)
(1.059999942779541, 1.0499999523162842)
(1.059999942779541, 1.0499999523162842)
(1.059999942779541, 1.0499999523162842)
(1.059999942779541, 1.0499999523162842)
(1.059999942779541, 1.0499999523162842)
(1.0399999618530273, 1.0399999618530273)
(1.0399999618530273, 1.0399999618530273)
(1.0399999618530273, 1.0399999618530273)
(1.0399999618530273, 1.0399999618530273)
(1.0399999618530273, 1.0399999618530273)
(1.0399999618530273, 1.0399999618530273)
(1.0399999618530273, 1.0399999618530273)
(1.0399999618530273, 1.0399999618530273)
(1.0399999618530273, 1.0399999618530273)
(1.0399999618530273, 1.0399999618530273)
(1.0499999523162842, 1.0499999523162842)
(1.0499999523162842, 1.0499999523162842)
(1.0499999523162842, 1.0499999523162842)
(1.0499999523162842, 1.0499999523162842)
(1.0499999523162842, 1.0499999523162842)
(1.0399999618530273, 1.0299999713897705)
(1.0399999618530273, 1.0299999713897705)
(1.0399999618530273, 1.0299999713897705)
(1.0399999618530273, 1.0299999713897705)
(1.0399999618530273, 1.0299999713897705)
(1.0799999237060547, 1.0399999618530273)
(1.0799999237060547, 1.0399999618530273)
(1.0799999237060547, 1.0399999618530273)
(1.0799999237060547, 1.0399999618530273)
(1.0799999237060547, 1.0399999618530273)
(1.0499999523162842, 1.0399999618530273)
(1.0499999523162842, 1.0399999618530273)
(1.0499999523162842, 1.0399999618530273)
(1.0499999523162842, 1.0399999618530273)
(1.0499999523162842, 1.0399999618530273)
(0.51999998092651367, 1.0399999618530273)
(0.51999998092651367, 1.0399999618530273)
(0.51999998092651367, 1.0399999618530273)
(0.51999998092651367, 1.0399999618530273)
(0.51999998092651367, 1.0399999618530273)
(1.3999999761581421, 1.0399999618530273)
(1.3999999761581421, 1.0399999618530273)
(1.3999999761581421, 1.0399999618530273)
(1.3999999761581421, 1.0399999618530273)
(1.3999999761581421, 1.0399999618530273)
saying: Obstacle seen!
Sonar: SEEN obstacle (on right, distance of 0.240000)
(0.23999999463558197, 0.23999999463558197)
(0.23999999463558197, 0.23999999463558197)
(0.23999999463558197, 0.23999999463558197)
(0.23999999463558197, 0.23999999463558197)
(0.23999999463558197, 0.23999999463558197)
(0.23999999463558197, 0.23999999463558197)
(0.23999999463558197, 0.23999999463558197)
(0.23999999463558197, 0.23999999463558197)
(0.23999999463558197, 0.23999999463558197)
(0.23999999463558197, 0.23999999463558197)
(0.22999998927116394, 0.23999999463558197)
(0.22999998927116394, 0.23999999463558197)
(0.22999998927116394, 0.23999999463558197)
(0.22999998927116394, 0.23999999463558197)
(0.22999998927116394, 0.23999999463558197)
(0.22999998927116394, 0.22999998927116394)
(0.22999998927116394, 0.22999998927116394)
(0.22999998927116394, 0.22999998927116394)
(0.22999998927116394, 0.22999998927116394)
(0.22999998927116394, 0.22999998927116394)
(0.22999998927116394, 0.22999998927116394)
(0.22999998927116394, 0.22999998927116394)
(0.22999998927116394, 0.22999998927116394)
(0.22999998927116394, 0.22999998927116394)
(0.22999998927116394, 0.22999998927116394)
(0.23999999463558197, 0.25999999046325684)
(0.23999999463558197, 0.25999999046325684)
(0.23999999463558197, 0.25999999046325684)
(0.23999999463558197, 0.25999999046325684)
(0.23999999463558197, 0.25999999046325684)
(0.22999998927116394, 0.23999999463558197)
(0.22999998927116394, 0.23999999463558197)
(0.22999998927116394, 0.23999999463558197)
(0.22999998927116394, 0.23999999463558197)
(0.22999998927116394, 0.23999999463558197)
(0.22999998927116394, 0.22999998927116394)
(0.22999998927116394, 0.22999998927116394)
(0.22999998927116394, 0.22999998927116394)
(0.22999998927116394, 0.22999998927116394)
(0.22999998927116394, 0.22999998927116394)
(0.22999998927116394, 0.23999999463558197)
(0.22999998927116394, 0.23999999463558197)
(0.22999998927116394, 0.23999999463558197)
(0.22999998927116394, 0.23999999463558197)
(0.22999998927116394, 0.23999999463558197)
(0.22999998927116394, 0.22999998927116394)
(0.22999998927116394, 0.22999998927116394)
(0.22999998927116394, 0.22999998927116394)
(0.22999998927116394, 0.22999998927116394)
(0.22999998927116394, 0.22999998927116394)
(0.25999999046325684, 0.23999999463558197)
(0.25999999046325684, 0.23999999463558197)
(0.25999999046325684, 0.23999999463558197)
(0.25999999046325684, 0.23999999463558197)
(0.25999999046325684, 0.23999999463558197)
(0.22999998927116394, 0.22999998927116394)
(0.22999998927116394, 0.22999998927116394)
(0.22999998927116394, 0.22999998927116394)
(0.22999998927116394, 0.22999998927116394)
(0.22999998927116394, 0.22999998927116394)
(0.22999998927116394, 0.23999999463558197)
(0.22999998927116394, 0.23999999463558197)
(0.22999998927116394, 0.23999999463558197)
(0.22999998927116394, 0.23999999463558197)
(0.22999998927116394, 0.23999999463558197)
(0.22999998927116394, 0.22999998927116394)
(0.22999998927116394, 0.22999998927116394)
(0.22999998927116394, 0.22999998927116394)
(0.22999998927116394, 0.22999998927116394)
(0.22999998927116394, 0.22999998927116394)
(0.23999999463558197, 0.23999999463558197)
(0.23999999463558197, 0.23999999463558197)
(0.23999999463558197, 0.23999999463558197)
(0.23999999463558197, 0.23999999463558197)
(0.23999999463558197, 0.23999999463558197)
(0.22999998927116394, 0.22999998927116394)
(0.22999998927116394, 0.22999998927116394)
(0.22999998927116394, 0.22999998927116394)
(0.22999998927116394, 0.22999998927116394)
(0.22999998927116394, 0.22999998927116394)
(0.22999998927116394, 0.22999998927116394)
(0.22999998927116394, 0.22999998927116394)
(0.22999998927116394, 0.22999998927116394)
(0.22999998927116394, 0.22999998927116394)
(0.22999998927116394, 0.22999998927116394)
(0.23999999463558197, 0.23999999463558197)
(0.23999999463558197, 0.23999999463558197)
(0.23999999463558197, 0.23999999463558197)
(0.23999999463558197, 0.23999999463558197)
(0.23999999463558197, 0.23999999463558197)
(0.22999998927116394, 0.23999999463558197)
(0.22999998927116394, 0.23999999463558197)
(0.22999998927116394, 0.23999999463558197)
(0.22999998927116394, 0.23999999463558197)
(0.22999998927116394, 0.23999999463558197)
(0.23999999463558197, 0.22999998927116394)
(0.23999999463558197, 0.22999998927116394)
(0.23999999463558197, 0.22999998927116394)
(0.23999999463558197, 0.22999998927116394)
(0.23999999463558197, 0.22999998927116394)
(0.23999999463558197, 0.23999999463558197)
(0.23999999463558197, 0.23999999463558197)
(0.23999999463558197, 0.23999999463558197)
(0.23999999463558197, 0.23999999463558197)
(0.23999999463558197, 0.23999999463558197)
(0.23999999463558197, 0.23999999463558197)
(0.23999999463558197, 0.23999999463558197)
(0.23999999463558197, 0.23999999463558197)
(0.23999999463558197, 0.23999999463558197)
(0.23999999463558197, 0.23999999463558197)
(0.22999998927116394, 0.22999998927116394)
(0.22999998927116394, 0.22999998927116394)
(0.22999998927116394, 0.22999998927116394)
(0.22999998927116394, 0.22999998927116394)
(0.22999998927116394, 0.22999998927116394)
(0.23999999463558197, 0.23999999463558197)
(0.23999999463558197, 0.23999999463558197)
(0.23999999463558197, 0.23999999463558197)
(0.23999999463558197, 0.23999999463558197)
(0.23999999463558197, 0.23999999463558197)
(0.23999999463558197, 0.23999999463558197)
(0.23999999463558197, 0.23999999463558197)
(0.23999999463558197, 0.23999999463558197)
(0.23999999463558197, 0.23999999463558197)
(0.23999999463558197, 0.23999999463558197)
(0.23999999463558197, 0.23999999463558197)
(0.23999999463558197, 0.23999999463558197)
(0.23999999463558197, 0.23999999463558197)
(0.23999999463558197, 0.23999999463558197)
(0.23999999463558197, 0.23999999463558197)
(0.22999998927116394, 0.22999998927116394)
(0.22999998927116394, 0.22999998927116394)
(0.22999998927116394, 0.22999998927116394)
(0.22999998927116394, 0.22999998927116394)
(0.22999998927116394, 0.22999998927116394)
(0.22999998927116394, 0.22999998927116394)
(0.22999998927116394, 0.22999998927116394)
(0.22999998927116394, 0.22999998927116394)
(0.22999998927116394, 0.22999998927116394)
(0.22999998927116394, 0.22999998927116394)
(0.23999999463558197, 0.23999999463558197)
(0.23999999463558197, 0.23999999463558197)
(0.23999999463558197, 0.23999999463558197)
(0.23999999463558197, 0.23999999463558197)
(0.23999999463558197, 0.23999999463558197)
(0.23999999463558197, 0.23999999463558197)
(0.23999999463558197, 0.23999999463558197)
(0.23999999463558197, 0.23999999463558197)
(0.23999999463558197, 0.23999999463558197)
(0.23999999463558197, 0.23999999463558197)
(0.2800000011920929, 0.26999998092651367)
(0.2800000011920929, 0.26999998092651367)
(0.2800000011920929, 0.26999998092651367)
(0.2800000011920929, 0.26999998092651367)
(0.2800000011920929, 0.26999998092651367)
(0.23999999463558197, 0.22999998927116394)
(0.23999999463558197, 0.22999998927116394)
(0.23999999463558197, 0.22999998927116394)
(0.23999999463558197, 0.22999998927116394)
(0.23999999463558197, 0.22999998927116394)
(0.23999999463558197, 0.22999998927116394)
(0.23999999463558197, 0.22999998927116394)
(0.23999999463558197, 0.22999998927116394)
(0.23999999463558197, 0.22999998927116394)
(0.23999999463558197, 0.22999998927116394)
(0.23999999463558197, 0.23999999463558197)
(0.23999999463558197, 0.23999999463558197)
(0.23999999463558197, 0.23999999463558197)
(0.23999999463558197, 0.23999999463558197)
(0.23999999463558197, 0.23999999463558197)
(0.22999998927116394, 0.22999998927116394)
(0.22999998927116394, 0.22999998927116394)
(0.22999998927116394, 0.22999998927116394)
(0.22999998927116394, 0.22999998927116394)
(0.22999998927116394, 0.22999998927116394)
(0.22999998927116394, 0.22999998927116394)
(0.22999998927116394, 0.22999998927116394)
(0.22999998927116394, 0.22999998927116394)
(0.22999998927116394, 0.22999998927116394)
(0.22999998927116394, 0.22999998927116394)
(0.22999998927116394, 0.22999998927116394)
(0.22999998927116394, 0.22999998927116394)
(0.22999998927116394, 0.22999998927116394)
(0.22999998927116394, 0.22999998927116394)
(0.22999998927116394, 0.22999998927116394)
(0.22999998927116394, 0.23999999463558197)
(0.22999998927116394, 0.23999999463558197)
(0.22999998927116394, 0.23999999463558197)
(0.22999998927116394, 0.23999999463558197)
(0.22999998927116394, 0.23999999463558197)
(0.23999999463558197, 0.22999998927116394)
(0.23999999463558197, 0.22999998927116394)
(0.23999999463558197, 0.22999998927116394)
(0.23999999463558197, 0.22999998927116394)
(0.23999999463558197, 0.22999998927116394)
(0.22999998927116394, 0.22999998927116394)
(0.22999998927116394, 0.22999998927116394)
(0.22999998927116394, 0.22999998927116394)
(0.22999998927116394, 0.22999998927116394)
(0.22999998927116394, 0.22999998927116394)
(0.22999998927116394, 0.22999998927116394)
(0.22999998927116394, 0.22999998927116394)
(0.22999998927116394, 0.22999998927116394)
(0.22999998927116394, 0.22999998927116394)
(0.22999998927116394, 0.22999998927116394)
(0.22999998927116394, 0.23999999463558197)
(0.22999998927116394, 0.23999999463558197)
(0.22999998927116394, 0.23999999463558197)
(0.22999998927116394, 0.23999999463558197)
(0.22999998927116394, 0.23999999463558197)
(0.31999999284744263, 1.0499999523162842)
(0.31999999284744263, 1.0499999523162842)
(0.31999999284744263, 1.0499999523162842)
(0.31999999284744263, 1.0499999523162842)
(0.31999999284744263, 1.0499999523162842)
(1.5399999618530273, 1.0399999618530273)
(1.5399999618530273, 1.0399999618530273)
(1.5399999618530273, 1.0399999618530273)
(1.5399999618530273, 1.0399999618530273)
(1.5399999618530273, 1.0399999618530273)
(1.3399999141693115, 1.0399999618530273)
(1.3399999141693115, 1.0399999618530273)
(1.3399999141693115, 1.0399999618530273)
(1.3399999141693115, 1.0399999618530273)
(1.3399999141693115, 1.0399999618530273)
saying: Obstacle lost!
(1.6899999380111694, 1.0399999618530273)
(1.6899999380111694, 1.0399999618530273)
(1.6899999380111694, 1.0399999618530273)
(1.6899999380111694, 1.0399999618530273)
(1.6899999380111694, 1.0399999618530273)
(1.2799999713897705, 1.0499999523162842)
(1.2799999713897705, 1.0499999523162842)
(1.2799999713897705, 1.0499999523162842)
(1.2799999713897705, 1.0499999523162842)
(1.2799999713897705, 1.0499999523162842)
saying: Obstacle seen!
Sonar: SEEN obstacle (on left, distance of 0.300000)
(0.29999998211860657, 1.0499999523162842)
(0.29999998211860657, 1.0499999523162842)
(0.29999998211860657, 1.0499999523162842)
(0.29999998211860657, 1.0499999523162842)
(0.29999998211860657, 1.0499999523162842)
(1.4199999570846558, 1.0399999618530273)
(1.4199999570846558, 1.0399999618530273)
(1.4199999570846558, 1.0399999618530273)
(1.4199999570846558, 1.0399999618530273)
(1.4199999570846558, 1.0399999618530273)
(0.22999998927116394, 1.0399999618530273)
(0.22999998927116394, 1.0399999618530273)
(0.22999998927116394, 1.0399999618530273)
(0.22999998927116394, 1.0399999618530273)
(0.22999998927116394, 1.0399999618530273)
(0.23999999463558197, 1.0399999618530273)
(0.23999999463558197, 1.0399999618530273)
(0.23999999463558197, 1.0399999618530273)
(0.23999999463558197, 1.0399999618530273)
(0.23999999463558197, 1.0399999618530273)
(0.23999999463558197, 1.0399999618530273)
(0.23999999463558197, 1.0399999618530273)
(0.23999999463558197, 1.0399999618530273)
(0.23999999463558197, 1.0399999618530273)
(0.23999999463558197, 1.0399999618530273)
(0.22999998927116394, 0.22999998927116394)
(0.22999998927116394, 0.22999998927116394)
(0.22999998927116394, 0.22999998927116394)
(0.22999998927116394, 0.22999998927116394)
(0.22999998927116394, 0.22999998927116394)
(0.23999999463558197, 0.22999998927116394)
(0.23999999463558197, 0.22999998927116394)
(0.23999999463558197, 0.22999998927116394)
(0.23999999463558197, 0.22999998927116394)
(0.23999999463558197, 0.22999998927116394)
(0.23999999463558197, 0.22999998927116394)
(0.23999999463558197, 0.22999998927116394)
(0.23999999463558197, 0.22999998927116394)
(0.23999999463558197, 0.22999998927116394)
(0.23999999463558197, 0.22999998927116394)
(0.22999998927116394, 0.22999998927116394)
(0.22999998927116394, 0.22999998927116394)
(0.22999998927116394, 0.22999998927116394)
(0.22999998927116394, 0.22999998927116394)
(0.22999998927116394, 0.22999998927116394)
(0.23999999463558197, 0.23999999463558197)
(0.23999999463558197, 0.23999999463558197)
(0.23999999463558197, 0.23999999463558197)
(0.23999999463558197, 0.23999999463558197)
(0.23999999463558197, 0.23999999463558197)
(0.22999998927116394, 0.22999998927116394)
(0.22999998927116394, 0.22999998927116394)
(0.22999998927116394, 0.22999998927116394)
(0.22999998927116394, 0.22999998927116394)
(0.22999998927116394, 0.22999998927116394)
(0.22999998927116394, 0.22999998927116394)
(0.22999998927116394, 0.22999998927116394)
(0.22999998927116394, 0.22999998927116394)
(0.22999998927116394, 0.22999998927116394)
(0.22999998927116394, 0.22999998927116394)
(0.23999999463558197, 0.23999999463558197)
(0.23999999463558197, 0.23999999463558197)
(0.23999999463558197, 0.23999999463558197)
(0.23999999463558197, 0.23999999463558197)
(0.23999999463558197, 0.23999999463558197)
(0.22999998927116394, 0.23999999463558197)
(0.22999998927116394, 0.23999999463558197)
(0.22999998927116394, 0.23999999463558197)
(0.22999998927116394, 0.23999999463558197)
(0.22999998927116394, 0.23999999463558197)
(0.23999999463558197, 0.23999999463558197)
(0.23999999463558197, 0.23999999463558197)
(0.23999999463558197, 0.23999999463558197)
(0.23999999463558197, 0.23999999463558197)
(0.23999999463558197, 0.23999999463558197)
(0.22999998927116394, 0.23999999463558197)
(0.22999998927116394, 0.23999999463558197)
(0.22999998927116394, 0.23999999463558197)
(0.22999998927116394, 0.23999999463558197)
(0.22999998927116394, 0.23999999463558197)
(0.23999999463558197, 0.23999999463558197)
(0.23999999463558197, 0.23999999463558197)
(0.23999999463558197, 0.23999999463558197)
(0.23999999463558197, 0.23999999463558197)
(0.23999999463558197, 0.23999999463558197)
(0.38999998569488525, 1.0399999618530273)
(0.38999998569488525, 1.0399999618530273)
(0.38999998569488525, 1.0399999618530273)
(0.38999998569488525, 1.0399999618530273)
(0.38999998569488525, 1.0399999618530273)
(0.48999997973442078, 1.0399999618530273)
(0.48999997973442078, 1.0399999618530273)
(0.48999997973442078, 1.0399999618530273)
(0.48999997973442078, 1.0399999618530273)
(0.48999997973442078, 1.0399999618530273)
(1.5199999809265137, 1.0499999523162842)
(1.5199999809265137, 1.0499999523162842)
(1.5199999809265137, 1.0499999523162842)
(1.5199999809265137, 1.0499999523162842)
(1.5199999809265137, 1.0499999523162842)
saying: Obstacle lost!
(1.5999999046325684, 1.0399999618530273)
(1.5999999046325684, 1.0399999618530273)
(1.5999999046325684, 1.0399999618530273)
(1.5999999046325684, 1.0399999618530273)
(1.5999999046325684, 1.0399999618530273)
(0.47999998927116394, 1.0399999618530273)
(0.47999998927116394, 1.0399999618530273)
(0.47999998927116394, 1.0399999618530273)
(0.47999998927116394, 1.0399999618530273)
(0.47999998927116394, 1.0399999618530273)
(0.43999999761581421, 1.0399999618530273)
(0.43999999761581421, 1.0399999618530273)
(0.43999999761581421, 1.0399999618530273)
(0.43999999761581421, 1.0399999618530273)
(0.43999999761581421, 1.0399999618530273)
(0.4699999988079071, 1.0399999618530273)
(0.4699999988079071, 1.0399999618530273)
(0.4699999988079071, 1.0399999618530273)
(0.4699999988079071, 1.0399999618530273)
(0.4699999988079071, 1.0399999618530273)
saying: Obstacle seen!
Sonar: SEEN obstacle (on center, distance of 0.230000)
(0.23999999463558197, 0.22999998927116394)
(0.23999999463558197, 0.22999998927116394)
(0.23999999463558197, 0.22999998927116394)
(0.23999999463558197, 0.22999998927116394)
(0.23999999463558197, 0.22999998927116394)
(0.22999998927116394, 0.23999999463558197)
(0.22999998927116394, 0.23999999463558197)
(0.22999998927116394, 0.23999999463558197)
(0.22999998927116394, 0.23999999463558197)
(0.22999998927116394, 0.23999999463558197)
(0.23999999463558197, 0.23999999463558197)
(0.23999999463558197, 0.23999999463558197)
(0.23999999463558197, 0.23999999463558197)
(0.23999999463558197, 0.23999999463558197)
(0.23999999463558197, 0.23999999463558197)
(0.23999999463558197, 0.23999999463558197)
(0.23999999463558197, 0.23999999463558197)
(0.23999999463558197, 0.23999999463558197)
(0.23999999463558197, 0.23999999463558197)
(0.23999999463558197, 0.23999999463558197)
(0.23999999463558197, 0.23999999463558197)
(0.23999999463558197, 0.23999999463558197)
(0.23999999463558197, 0.23999999463558197)
(0.23999999463558197, 0.23999999463558197)
(0.23999999463558197, 0.23999999463558197)
(0.23999999463558197, 0.23999999463558197)
(0.22999998927116394, 0.23999999463558197)
(0.22999998927116394, 0.23999999463558197)
(0.22999998927116394, 0.23999999463558197)
(0.22999998927116394, 0.23999999463558197)
(0.23999999463558197, 0.23999999463558197)
(0.23999999463558197, 0.23999999463558197)
(0.23999999463558197, 0.23999999463558197)
(0.23999999463558197, 0.23999999463558197)
(0.23999999463558197, 0.23999999463558197)
(1.4299999475479126, 1.0399999618530273)
(1.4299999475479126, 1.0399999618530273)
(1.4299999475479126, 1.0399999618530273)
(1.4299999475479126, 1.0399999618530273)
(1.4299999475479126, 1.0399999618530273)
(0.57999998331069946, 1.0499999523162842)
(0.57999998331069946, 1.0499999523162842)
(0.57999998331069946, 1.0499999523162842)
(0.57999998331069946, 1.0499999523162842)
(0.57999998331069946, 1.0499999523162842)
saying: Obstacle lost!
(1.5899999141693115, 1.0399999618530273)
(1.5899999141693115, 1.0399999618530273)
(1.5899999141693115, 1.0399999618530273)
(1.5899999141693115, 1.0399999618530273)
(1.5899999141693115, 1.0399999618530273)
(1.4299999475479126, 1.0499999523162842)
(1.4299999475479126, 1.0499999523162842)
(1.4299999475479126, 1.0499999523162842)
(1.4299999475479126, 1.0499999523162842)
(1.4299999475479126, 1.0499999523162842)
(0.68999999761581421, 1.059999942779541)
(0.68999999761581421, 1.059999942779541)
(0.68999999761581421, 1.059999942779541)
(0.68999999761581421, 1.059999942779541)
(0.68999999761581421, 1.059999942779541)
(0.69999998807907104, 1.0399999618530273)
(0.69999998807907104, 1.0399999618530273)
(0.69999998807907104, 1.0399999618530273)
(0.69999998807907104, 1.0399999618530273)
(0.69999998807907104, 1.0399999618530273)
(0.68000000715255737, 1.0499999523162842)
(0.68000000715255737, 1.0499999523162842)
(0.68000000715255737, 1.0499999523162842)
(0.68000000715255737, 1.0499999523162842)
(0.68000000715255737, 1.0499999523162842)
(0.72999995946884155, 1.0499999523162842)
(0.72999995946884155, 1.0499999523162842)
(0.72999995946884155, 1.0499999523162842)
(0.72999995946884155, 1.0499999523162842)
(0.72999995946884155, 1.0499999523162842)
saying: Obstacle seen!
Sonar: SEEN obstacle (on center, distance of 0.330000)
(0.32999998331069946, 0.34000000357627869)
(0.32999998331069946, 0.34000000357627869)
(0.32999998331069946, 0.34000000357627869)
(0.32999998331069946, 0.34000000357627869)
(0.32999998331069946, 0.34000000357627869)
(0.32999998331069946, 0.34000000357627869)
(0.32999998331069946, 0.34000000357627869)
(0.32999998331069946, 0.34000000357627869)
(0.32999998331069946, 0.34000000357627869)
(0.32999998331069946, 0.34000000357627869)
(0.32999998331069946, 0.32999998331069946)
(0.32999998331069946, 0.32999998331069946)
(0.32999998331069946, 0.32999998331069946)
(0.32999998331069946, 0.32999998331069946)
(0.32999998331069946, 0.32999998331069946)
(0.34000000357627869, 0.31999999284744263)
(0.34000000357627869, 0.31999999284744263)
(0.34000000357627869, 0.31999999284744263)
(0.34000000357627869, 0.31999999284744263)
(0.34000000357627869, 0.31999999284744263)
(0.34000000357627869, 0.32999998331069946)
(0.34000000357627869, 0.32999998331069946)
(0.34000000357627869, 0.32999998331069946)
(0.34000000357627869, 0.32999998331069946)
(0.34000000357627869, 0.32999998331069946)
(0.34000000357627869, 0.32999998331069946)
(0.34000000357627869, 0.32999998331069946)
(0.34000000357627869, 0.32999998331069946)
(0.34000000357627869, 0.32999998331069946)
(0.34000000357627869, 0.32999998331069946)
(0.32999998331069946, 0.31999999284744263)
(0.32999998331069946, 0.31999999284744263)
(0.32999998331069946, 0.31999999284744263)
(0.32999998331069946, 0.31999999284744263)
(0.32999998331069946, 0.31999999284744263)
(0.32999998331069946, 0.31999999284744263)
(0.32999998331069946, 0.31999999284744263)
(0.32999998331069946, 0.31999999284744263)
(0.32999998331069946, 0.31999999284744263)
(0.32999998331069946, 0.31999999284744263)
(0.32999998331069946, 0.32999998331069946)
(0.32999998331069946, 0.32999998331069946)
(0.32999998331069946, 0.32999998331069946)
(0.32999998331069946, 0.32999998331069946)
(0.32999998331069946, 0.32999998331069946)
(0.32999998331069946, 0.32999998331069946)
(0.32999998331069946, 0.32999998331069946)
(0.32999998331069946, 0.32999998331069946)
(0.32999998331069946, 0.32999998331069946)
(0.32999998331069946, 0.32999998331069946)
(0.32999998331069946, 0.32999998331069946)
(0.32999998331069946, 0.32999998331069946)
(0.32999998331069946, 0.32999998331069946)
(0.32999998331069946, 0.32999998331069946)
(0.32999998331069946, 0.32999998331069946)
(0.32999998331069946, 0.32999998331069946)
(0.32999998331069946, 0.32999998331069946)
(0.32999998331069946, 0.32999998331069946)
(0.32999998331069946, 0.32999998331069946)
(0.32999998331069946, 0.32999998331069946)
(0.32999998331069946, 0.32999998331069946)
(0.32999998331069946, 0.32999998331069946)
(0.32999998331069946, 0.32999998331069946)
(0.32999998331069946, 0.32999998331069946)
(0.32999998331069946, 0.32999998331069946)
(0.32999998331069946, 0.32999998331069946)
(0.32999998331069946, 0.32999998331069946)
(0.32999998331069946, 0.32999998331069946)
(0.32999998331069946, 0.32999998331069946)
(0.32999998331069946, 0.32999998331069946)
(0.64999997615814209, 1.0499999523162842)
(0.64999997615814209, 1.0499999523162842)
(0.64999997615814209, 1.0499999523162842)
(0.64999997615814209, 1.0499999523162842)
(0.64999997615814209, 1.0499999523162842)
(0.74000000953674316, 1.059999942779541)
(0.74000000953674316, 1.059999942779541)
(0.74000000953674316, 1.059999942779541)
(0.74000000953674316, 1.059999942779541)
(0.74000000953674316, 1.059999942779541)
saying: Obstacle lost!
(0.70999997854232788, 1.0299999713897705)
(0.70999997854232788, 1.0299999713897705)
(0.70999997854232788, 1.0299999713897705)
(0.70999997854232788, 1.0299999713897705)
(0.70999997854232788, 1.0299999713897705)
(0.70999997854232788, 1.0499999523162842)
(0.70999997854232788, 1.0499999523162842)
(0.70999997854232788, 1.0499999523162842)
(0.70999997854232788, 1.0499999523162842)
(0.70999997854232788, 1.0499999523162842)
(0.70999997854232788, 1.0399999618530273)
(0.70999997854232788, 1.0399999618530273)
(0.70999997854232788, 1.0399999618530273)
(0.70999997854232788, 1.0399999618530273)
(0.70999997854232788, 1.0399999618530273)
(0.75, 1.0399999618530273)
(0.75, 1.0399999618530273)
(0.75, 1.0399999618530273)
(0.75, 1.0399999618530273)
(0.75, 1.0399999618530273)
(0.76999998092651367, 1.0499999523162842)
(0.76999998092651367, 1.0499999523162842)
(0.76999998092651367, 1.0499999523162842)
(0.76999998092651367, 1.0499999523162842)
(0.76999998092651367, 1.0499999523162842)
(0.72999995946884155, 1.0299999713897705)
(0.72999995946884155, 1.0299999713897705)
(0.72999995946884155, 1.0299999713897705)
(0.72999995946884155, 1.0299999713897705)
(0.72999995946884155, 1.0299999713897705)
(0.74000000953674316, 1.0499999523162842)
(0.74000000953674316, 1.0499999523162842)
(0.74000000953674316, 1.0499999523162842)
(0.74000000953674316, 1.0499999523162842)
(0.74000000953674316, 1.0499999523162842)
(0.75, 1.0399999618530273)
(0.75, 1.0399999618530273)
(0.75, 1.0399999618530273)
(0.75, 1.0399999618530273)
(0.75, 1.0399999618530273)
(0.72999995946884155, 1.0299999713897705)
(0.72999995946884155, 1.0299999713897705)
(0.72999995946884155, 1.0299999713897705)
(0.72999995946884155, 1.0299999713897705)
(0.72999995946884155, 1.0299999713897705)
(0.61000001430511475, 1.0399999618530273)
(0.61000001430511475, 1.0399999618530273)
(0.61000001430511475, 1.0399999618530273)
(0.61000001430511475, 1.0399999618530273)
(0.61000001430511475, 1.0399999618530273)
(0.42999997735023499, 0.40999999642372131)
(0.42999997735023499, 0.40999999642372131)
(0.42999997735023499, 0.40999999642372131)
(0.42999997735023499, 0.40999999642372131)
(0.42999997735023499, 0.40999999642372131)
(0.5, 0.41999998688697815)
(0.5, 0.41999998688697815)
(0.5, 0.41999998688697815)
(0.5, 0.41999998688697815)
(0.5, 0.41999998688697815)
(0.41999998688697815, 0.40999999642372131)
(0.41999998688697815, 0.40999999642372131)
(0.41999998688697815, 0.40999999642372131)
(0.41999998688697815, 0.40999999642372131)
(0.41999998688697815, 0.40999999642372131)
(0.43999999761581421, 0.42999997735023499)
(0.43999999761581421, 0.42999997735023499)
(0.43999999761581421, 0.42999997735023499)
(0.43999999761581421, 0.42999997735023499)
(0.43999999761581421, 0.42999997735023499)
(0.41999998688697815, 0.41999998688697815)
(0.41999998688697815, 0.41999998688697815)
(0.41999998688697815, 0.41999998688697815)
(0.41999998688697815, 0.41999998688697815)
(0.41999998688697815, 0.41999998688697815)
(0.42999997735023499, 0.42999997735023499)
(0.42999997735023499, 0.42999997735023499)
(0.42999997735023499, 0.42999997735023499)
(0.42999997735023499, 0.42999997735023499)
(0.42999997735023499, 0.42999997735023499)
(0.41999998688697815, 0.41999998688697815)
(0.41999998688697815, 0.41999998688697815)
(0.41999998688697815, 0.41999998688697815)
(0.41999998688697815, 0.41999998688697815)
(0.41999998688697815, 0.41999998688697815)
(0.41999998688697815, 0.40999999642372131)
(0.41999998688697815, 0.40999999642372131)
(0.41999998688697815, 0.40999999642372131)
(0.41999998688697815, 0.40999999642372131)
(0.41999998688697815, 0.40999999642372131)
(0.42999997735023499, 0.42999997735023499)
(0.42999997735023499, 0.42999997735023499)
(0.42999997735023499, 0.42999997735023499)
(0.42999997735023499, 0.42999997735023499)
(0.42999997735023499, 0.42999997735023499)
(0.42999997735023499, 0.42999997735023499)
(0.42999997735023499, 0.42999997735023499)
(0.42999997735023499, 0.42999997735023499)
(0.42999997735023499, 0.42999997735023499)
(0.42999997735023499, 0.42999997735023499)
(0.41999998688697815, 0.40999999642372131)
(0.41999998688697815, 0.40999999642372131)
(0.41999998688697815, 0.40999999642372131)
(0.41999998688697815, 0.40999999642372131)
(0.41999998688697815, 0.40999999642372131)
saying: Obstacle seen!
Sonar: SEEN obstacle (on center, distance of 0.400000)
(0.39999997615814209, 0.40999999642372131)
(0.39999997615814209, 0.40999999642372131)
(0.39999997615814209, 0.40999999642372131)
(0.39999997615814209, 0.40999999642372131)
(0.39999997615814209, 0.40999999642372131)
(0.40999999642372131, 0.40999999642372131)
(0.40999999642372131, 0.40999999642372131)
(0.40999999642372131, 0.40999999642372131)
(0.40999999642372131, 0.40999999642372131)
(0.40999999642372131, 0.40999999642372131)
(0.40999999642372131, 0.39999997615814209)
(0.40999999642372131, 0.39999997615814209)
(0.40999999642372131, 0.39999997615814209)
(0.40999999642372131, 0.39999997615814209)
(0.40999999642372131, 0.39999997615814209)
(0.40999999642372131, 0.39999997615814209)
(0.40999999642372131, 0.39999997615814209)
(0.40999999642372131, 0.39999997615814209)
(0.40999999642372131, 0.39999997615814209)
(0.40999999642372131, 0.39999997615814209)
(0.40999999642372131, 0.39999997615814209)
(0.40999999642372131, 0.39999997615814209)
(0.40999999642372131, 0.39999997615814209)
(0.40999999642372131, 0.39999997615814209)
(0.40999999642372131, 0.39999997615814209)
(0.39999997615814209, 0.38999998569488525)
(0.39999997615814209, 0.38999998569488525)
(0.39999997615814209, 0.38999998569488525)
(0.39999997615814209, 0.38999998569488525)
(0.39999997615814209, 0.38999998569488525)
(0.39999997615814209, 0.38999998569488525)
(0.39999997615814209, 0.38999998569488525)
(0.39999997615814209, 0.38999998569488525)
(0.39999997615814209, 0.38999998569488525)
(0.39999997615814209, 0.38999998569488525)
(0.39999997615814209, 0.38999998569488525)
(0.39999997615814209, 0.38999998569488525)
(0.39999997615814209, 0.38999998569488525)
(0.39999997615814209, 0.38999998569488525)
(0.39999997615814209, 0.38999998569488525)
(0.39999997615814209, 0.38999998569488525)
(0.39999997615814209, 0.38999998569488525)
(0.39999997615814209, 0.38999998569488525)
(0.39999997615814209, 0.38999998569488525)
(0.39999997615814209, 0.38999998569488525)
(0.39999997615814209, 0.38999998569488525)
(0.39999997615814209, 0.38999998569488525)
(0.39999997615814209, 0.38999998569488525)
(0.39999997615814209, 0.38999998569488525)
(0.39999997615814209, 0.38999998569488525)
(0.38999998569488525, 0.37999999523162842)
(0.38999998569488525, 0.37999999523162842)
(0.38999998569488525, 0.37999999523162842)
(0.38999998569488525, 0.37999999523162842)
(0.38999998569488525, 0.37999999523162842)
(0.39999997615814209, 0.37999999523162842)
(0.39999997615814209, 0.37999999523162842)
(0.39999997615814209, 0.37999999523162842)
(0.39999997615814209, 0.37999999523162842)
(0.39999997615814209, 0.37999999523162842)
(0.39999997615814209, 0.37000000476837158)
(0.39999997615814209, 0.37000000476837158)
(0.39999997615814209, 0.37000000476837158)
(0.39999997615814209, 0.37000000476837158)
(0.39999997615814209, 0.37000000476837158)
(0.38999998569488525, 0.37000000476837158)
(0.38999998569488525, 0.37000000476837158)
(0.38999998569488525, 0.37000000476837158)
(0.38999998569488525, 0.37000000476837158)
(0.38999998569488525, 0.37000000476837158)
(0.39999997615814209, 0.35999998450279236)
(0.39999997615814209, 0.35999998450279236)
(0.39999997615814209, 0.35999998450279236)
(0.39999997615814209, 0.35999998450279236)
(0.39999997615814209, 0.35999998450279236)
(0.38999998569488525, 0.37000000476837158)
(0.38999998569488525, 0.37000000476837158)
(0.38999998569488525, 0.37000000476837158)
(0.38999998569488525, 0.37000000476837158)
(0.38999998569488525, 0.37000000476837158)
(0.39999997615814209, 0.37999999523162842)
(0.39999997615814209, 0.37999999523162842)
(0.39999997615814209, 0.37999999523162842)
(0.39999997615814209, 0.37999999523162842)
(0.39999997615814209, 0.37999999523162842)
(0.41999998688697815, 0.40999999642372131)
(0.41999998688697815, 0.40999999642372131)
(0.41999998688697815, 0.40999999642372131)
(0.41999998688697815, 0.40999999642372131)
(0.41999998688697815, 0.40999999642372131)
(0.45999997854232788, 0.42999997735023499)
(0.45999997854232788, 0.42999997735023499)
(0.45999997854232788, 0.42999997735023499)
(0.45999997854232788, 0.42999997735023499)
(0.45999997854232788, 0.42999997735023499)
(0.45999997854232788, 0.42999997735023499)
saying: Obstacle lost!
(0.43999999761581421, 0.42999997735023499)
(0.43999999761581421, 0.42999997735023499)
(0.43999999761581421, 0.42999997735023499)
(0.43999999761581421, 0.42999997735023499)
(0.43999999761581421, 0.41999998688697815)
(0.43999999761581421, 0.41999998688697815)
(0.43999999761581421, 0.41999998688697815)
(0.43999999761581421, 0.41999998688697815)
(0.43999999761581421, 0.41999998688697815)
(0.41999998688697815, 0.41999998688697815)
(0.41999998688697815, 0.41999998688697815)
(0.41999998688697815, 0.41999998688697815)
(0.41999998688697815, 0.41999998688697815)
(0.41999998688697815, 0.41999998688697815)
(0.41999998688697815, 0.42999997735023499)
(0.41999998688697815, 0.42999997735023499)
(0.41999998688697815, 0.42999997735023499)
(0.41999998688697815, 0.42999997735023499)
(0.41999998688697815, 0.42999997735023499)
(0.41999998688697815, 0.41999998688697815)
(0.41999998688697815, 0.41999998688697815)
(0.41999998688697815, 0.41999998688697815)
(0.41999998688697815, 0.41999998688697815)
(0.41999998688697815, 0.41999998688697815)
(0.41999998688697815, 0.42999997735023499)
(0.41999998688697815, 0.42999997735023499)
(0.41999998688697815, 0.42999997735023499)
(0.41999998688697815, 0.42999997735023499)
(0.41999998688697815, 0.42999997735023499)
(0.41999998688697815, 0.40999999642372131)
(0.41999998688697815, 0.40999999642372131)
(0.41999998688697815, 0.40999999642372131)
(0.41999998688697815, 0.40999999642372131)
(0.41999998688697815, 0.40999999642372131)
(0.41999998688697815, 0.42999997735023499)
(0.41999998688697815, 0.42999997735023499)
(0.41999998688697815, 0.42999997735023499)
(0.41999998688697815, 0.42999997735023499)
(0.41999998688697815, 0.42999997735023499)
(0.41999998688697815, 0.42999997735023499)
(0.41999998688697815, 0.42999997735023499)
(0.41999998688697815, 0.42999997735023499)
(0.41999998688697815, 0.42999997735023499)
(0.41999998688697815, 0.42999997735023499)
(0.41999998688697815, 0.41999998688697815)
(0.41999998688697815, 0.41999998688697815)
(0.41999998688697815, 0.41999998688697815)
(0.41999998688697815, 0.41999998688697815)
(0.41999998688697815, 0.41999998688697815)
(0.41999998688697815, 0.44999998807907104)
(0.41999998688697815, 0.44999998807907104)
(0.41999998688697815, 0.44999998807907104)
(0.41999998688697815, 0.44999998807907104)
(0.41999998688697815, 0.44999998807907104)
(0.41999998688697815, 0.41999998688697815)
(0.41999998688697815, 0.41999998688697815)
(0.41999998688697815, 0.41999998688697815)
(0.41999998688697815, 0.41999998688697815)
(0.41999998688697815, 0.41999998688697815)
saying: Obstacle seen!
Sonar: SEEN obstacle (on left, distance of 0.390000)
(0.38999998569488525, 1.0399999618530273)
(0.38999998569488525, 1.0399999618530273)
(0.38999998569488525, 1.0399999618530273)
(0.38999998569488525, 1.0399999618530273)
(0.38999998569488525, 1.0399999618530273)
(0.5, 1.0499999523162842)
(0.5, 1.0499999523162842)
(0.5, 1.0499999523162842)
(0.5, 1.0499999523162842)
(0.5, 1.0499999523162842)
(1.3700000047683716, 0.8399999737739563)
(1.3700000047683716, 0.8399999737739563)
(1.3700000047683716, 0.8399999737739563)
(1.3700000047683716, 0.8399999737739563)
(1.3700000047683716, 0.8399999737739563)
saying: Obstacle lost!
(1.2200000286102295, 1.0499999523162842)
(1.2200000286102295, 1.0499999523162842)
(1.2200000286102295, 1.0499999523162842)
(1.2200000286102295, 1.0499999523162842)
(1.2200000286102295, 1.0499999523162842)
(1.2200000286102295, 1.0499999523162842)
(0.69999998807907104, 1.0399999618530273)
(0.69999998807907104, 1.0399999618530273)
(0.69999998807907104, 1.0399999618530273)
(0.69999998807907104, 1.0399999618530273)
(0.52999997138977051, 1.059999942779541)
(0.52999997138977051, 1.059999942779541)
(0.52999997138977051, 1.059999942779541)
(0.52999997138977051, 1.059999942779541)
(0.52999997138977051, 1.059999942779541)
(1.4800000190734863, 1.0299999713897705)
(1.4800000190734863, 1.0299999713897705)
(1.4800000190734863, 1.0299999713897705)
(1.4800000190734863, 1.0299999713897705)
(1.4800000190734863, 1.0299999713897705)
(1.0499999523162842, 1.0399999618530273)
(1.0499999523162842, 1.0399999618530273)
(1.0499999523162842, 1.0399999618530273)
(1.0499999523162842, 1.0399999618530273)
(1.0499999523162842, 1.0399999618530273)
(1.3700000047683716, 1.0499999523162842)
(1.3700000047683716, 1.0499999523162842)
(1.3700000047683716, 1.0499999523162842)
(1.3700000047683716, 1.0499999523162842)
(1.3700000047683716, 1.0499999523162842)
(1.0499999523162842, 1.0399999618530273)
(1.0499999523162842, 1.0399999618530273)
(1.0499999523162842, 1.0399999618530273)
(1.0499999523162842, 1.0399999618530273)
(1.0499999523162842, 1.0399999618530273)
(1.0299999713897705, 1.0399999618530273)
(1.0299999713897705, 1.0399999618530273)
(1.0299999713897705, 1.0399999618530273)
(1.0299999713897705, 1.0399999618530273)
(1.0299999713897705, 1.0399999618530273)
(1.0699999332427979, 1.0399999618530273)
(1.0699999332427979, 1.0399999618530273)
(1.0699999332427979, 1.0399999618530273)
(1.0699999332427979, 1.0399999618530273)
(1.0699999332427979, 1.0399999618530273)
(1.0499999523162842, 1.0299999713897705)
(1.0499999523162842, 1.0299999713897705)
(1.0499999523162842, 1.0299999713897705)
(1.0499999523162842, 1.0299999713897705)
(1.0499999523162842, 1.0299999713897705)
(1.0299999713897705, 1.0399999618530273)
(1.0299999713897705, 1.0399999618530273)
(1.0299999713897705, 1.0399999618530273)
(1.0299999713897705, 1.0399999618530273)
(1.0299999713897705, 1.0399999618530273)
(0.76999998092651367, 1.0399999618530273)
(0.76999998092651367, 1.0399999618530273)
(0.76999998092651367, 1.0399999618530273)
(0.76999998092651367, 1.0399999618530273)
(0.76999998092651367, 1.0399999618530273)
(1.0499999523162842, 1.0399999618530273)
(1.0499999523162842, 1.0399999618530273)
(1.0499999523162842, 1.0399999618530273)
(1.0499999523162842, 1.0399999618530273)
(1.0499999523162842, 1.0399999618530273)
(1.3700000047683716, 1.0299999713897705)
(1.3700000047683716, 1.0299999713897705)
(1.3700000047683716, 1.0299999713897705)
(1.3700000047683716, 1.0299999713897705)
(1.3700000047683716, 1.0299999713897705)
saying: Obstacle seen!
Sonar: SEEN obstacle (on center, distance of 0.320000)
(0.31999999284744263, 0.34000000357627869)
(0.31999999284744263, 0.34000000357627869)
(0.31999999284744263, 0.34000000357627869)
(0.31999999284744263, 0.34000000357627869)
(0.31999999284744263, 0.34000000357627869)
(0.31999999284744263, 0.31000000238418579)
(0.31999999284744263, 0.31000000238418579)
(0.31999999284744263, 0.31000000238418579)
(0.31999999284744263, 0.31000000238418579)
(0.31999999284744263, 0.31000000238418579)
(0.32999998331069946, 0.31999999284744263)
(0.32999998331069946, 0.31999999284744263)
(0.32999998331069946, 0.31999999284744263)
(0.32999998331069946, 0.31999999284744263)
(0.32999998331069946, 0.31999999284744263)
(0.32999998331069946, 0.31999999284744263)
(0.32999998331069946, 0.31999999284744263)
(0.32999998331069946, 0.31999999284744263)
(0.32999998331069946, 0.31999999284744263)
(0.32999998331069946, 0.31999999284744263)
(0.32999998331069946, 0.31000000238418579)
(0.32999998331069946, 0.31000000238418579)
(0.32999998331069946, 0.31000000238418579)
(0.32999998331069946, 0.31000000238418579)
(0.32999998331069946, 0.31000000238418579)
(0.34999999403953552, 0.31999999284744263)
(0.34999999403953552, 0.31999999284744263)
(0.34999999403953552, 0.31999999284744263)
(0.34999999403953552, 0.31999999284744263)
(0.34999999403953552, 0.31999999284744263)
(0.34000000357627869, 0.31999999284744263)
(0.34000000357627869, 0.31999999284744263)
(0.34000000357627869, 0.31999999284744263)
(0.34000000357627869, 0.31999999284744263)
(0.34000000357627869, 0.31999999284744263)
(0.34999999403953552, 0.31999999284744263)
(0.34999999403953552, 0.31999999284744263)
(0.34999999403953552, 0.31999999284744263)
(0.34999999403953552, 0.31999999284744263)
(0.34999999403953552, 0.31999999284744263)
(0.32999998331069946, 0.31999999284744263)
(0.32999998331069946, 0.31999999284744263)
(0.32999998331069946, 0.31999999284744263)
(0.32999998331069946, 0.31999999284744263)
(0.32999998331069946, 0.31999999284744263)
(0.32999998331069946, 0.32999998331069946)
(0.32999998331069946, 0.32999998331069946)
(0.32999998331069946, 0.32999998331069946)
(0.32999998331069946, 0.32999998331069946)
(0.32999998331069946, 0.32999998331069946)
(0.31999999284744263, 0.32999998331069946)
(0.31999999284744263, 0.32999998331069946)
(0.31999999284744263, 0.32999998331069946)
(0.31999999284744263, 0.32999998331069946)
(0.31999999284744263, 0.32999998331069946)
(0.32999998331069946, 0.32999998331069946)
(0.32999998331069946, 0.32999998331069946)
(0.32999998331069946, 0.32999998331069946)
(0.32999998331069946, 0.32999998331069946)
(0.32999998331069946, 0.32999998331069946)
(0.37999999523162842, 0.34000000357627869)
(0.37999999523162842, 0.34000000357627869)
(0.37999999523162842, 0.34000000357627869)
(0.37999999523162842, 0.34000000357627869)
(0.37999999523162842, 0.34000000357627869)
(0.37999999523162842, 0.62999999523162842)
(0.37999999523162842, 0.62999999523162842)
(0.37999999523162842, 0.62999999523162842)
(0.37999999523162842, 0.62999999523162842)
(0.37999999523162842, 0.62999999523162842)
(0.32999998331069946, 1.0299999713897705)
(0.32999998331069946, 1.0299999713897705)
(0.32999998331069946, 1.0299999713897705)
(0.32999998331069946, 1.0299999713897705)
(0.32999998331069946, 1.0299999713897705)
(0.35999998450279236, 1.0399999618530273)
(0.35999998450279236, 1.0399999618530273)
(0.35999998450279236, 1.0399999618530273)
(0.35999998450279236, 1.0399999618530273)
(0.35999998450279236, 1.0399999618530273)
(0.34999999403953552, 1.0399999618530273)
(0.34999999403953552, 1.0399999618530273)
(0.34999999403953552, 1.0399999618530273)
(0.34999999403953552, 1.0399999618530273)
(0.34999999403953552, 1.0399999618530273)
(1.3799999952316284, 1.0399999618530273)
(1.3799999952316284, 1.0399999618530273)
(1.3799999952316284, 1.0399999618530273)
(1.3799999952316284, 1.0399999618530273)
(1.3799999952316284, 1.0399999618530273)
(1.1499999761581421, 1.0299999713897705)
(1.1499999761581421, 1.0299999713897705)
(1.1499999761581421, 1.0299999713897705)
(1.1499999761581421, 1.0299999713897705)
(0.31999999284744263, 1.0399999618530273)
(0.31999999284744263, 1.0399999618530273)
(0.31999999284744263, 1.0399999618530273)
(0.31999999284744263, 1.0399999618530273)
(0.31999999284744263, 1.0399999618530273)
(0.31999999284744263, 1.0399999618530273)
(1.25, 1.0399999618530273)
(1.25, 1.0399999618530273)
(1.25, 1.0399999618530273)
(1.25, 1.0399999618530273)
(1.25, 1.0399999618530273)
(1.1999999284744263, 1.0499999523162842)
(1.1999999284744263, 1.0499999523162842)
(1.1999999284744263, 1.0499999523162842)
(1.1999999284744263, 1.0499999523162842)
(1.1999999284744263, 1.0499999523162842)
saying: Obstacle lost!
(0.57999998331069946, 1.059999942779541)
(0.57999998331069946, 1.059999942779541)
(0.57999998331069946, 1.059999942779541)
(0.57999998331069946, 1.059999942779541)
(0.57999998331069946, 1.059999942779541)
(0.53999996185302734, 1.059999942779541)
(0.53999996185302734, 1.059999942779541)
(0.53999996185302734, 1.059999942779541)
(0.53999996185302734, 1.059999942779541)
(0.53999996185302734, 1.059999942779541)
(0.62000000476837158, 1.0399999618530273)
(0.62000000476837158, 1.0399999618530273)
(0.62000000476837158, 1.0399999618530273)
(0.62000000476837158, 1.0399999618530273)
(0.62000000476837158, 1.0399999618530273)
saying: Obstacle seen!
Sonar: SEEN obstacle (on left, distance of 0.360000)
(0.35999998450279236, 1.0499999523162842)
(0.35999998450279236, 1.0499999523162842)
(0.35999998450279236, 1.0499999523162842)
(0.35999998450279236, 1.0499999523162842)
(0.35999998450279236, 1.0499999523162842)
(1.309999942779541, 1.0499999523162842)
(1.309999942779541, 1.0499999523162842)
(1.309999942779541, 1.0499999523162842)
(1.309999942779541, 1.0499999523162842)
(1.309999942779541, 1.0499999523162842)
(0.68000000715255737, 1.0399999618530273)
(0.68000000715255737, 1.0399999618530273)
(0.68000000715255737, 1.0399999618530273)
(0.68000000715255737, 1.0399999618530273)
(0.68000000715255737, 1.0399999618530273)
saying: Obstacle lost!
(0.62000000476837158, 1.0399999618530273)
(0.62000000476837158, 1.0399999618530273)
(0.62000000476837158, 1.0399999618530273)
(0.62000000476837158, 1.0399999618530273)
(0.62000000476837158, 1.0399999618530273)
(0.68000000715255737, 1.0499999523162842)
(0.68000000715255737, 1.0499999523162842)
(0.68000000715255737, 1.0499999523162842)
(0.68000000715255737, 1.0499999523162842)
(0.68000000715255737, 1.0499999523162842)
(0.43999999761581421, 1.0399999618530273)
(0.43999999761581421, 1.0399999618530273)
(0.43999999761581421, 1.0399999618530273)
(0.43999999761581421, 1.0399999618530273)
(0.43999999761581421, 1.0399999618530273)
(0.52999997138977051, 1.059999942779541)
(0.52999997138977051, 1.059999942779541)
(0.52999997138977051, 1.059999942779541)
(0.52999997138977051, 1.059999942779541)
(0.52999997138977051, 1.059999942779541)
(1.4499999284744263, 1.0299999713897705)
(1.4499999284744263, 1.0299999713897705)
(1.4499999284744263, 1.0299999713897705)
(1.4499999284744263, 1.0299999713897705)
(1.4499999284744263, 1.0299999713897705)
(0.57999998331069946, 1.0399999618530273)
(0.57999998331069946, 1.0399999618530273)
(0.57999998331069946, 1.0399999618530273)
(0.57999998331069946, 1.0399999618530273)
(0.57999998331069946, 1.0399999618530273)
(0.53999996185302734, 1.0499999523162842)
(0.53999996185302734, 1.0499999523162842)
(0.53999996185302734, 1.0499999523162842)
(0.53999996185302734, 1.0499999523162842)
(0.53999996185302734, 1.0499999523162842)
(0.42999997735023499, 0.42999997735023499)
(0.42999997735023499, 0.42999997735023499)
(0.42999997735023499, 0.42999997735023499)
(0.42999997735023499, 0.42999997735023499)
(0.42999997735023499, 0.42999997735023499)
(0.40999999642372131, 0.41999998688697815)
(0.40999999642372131, 0.41999998688697815)
(0.40999999642372131, 0.41999998688697815)
(0.40999999642372131, 0.41999998688697815)
(0.40999999642372131, 0.41999998688697815)
saying: Obstacle seen!
Sonar: SEEN obstacle (on center, distance of 0.390000)
(0.39999997615814209, 0.38999998569488525)
(0.39999997615814209, 0.38999998569488525)
(0.39999997615814209, 0.38999998569488525)
(0.39999997615814209, 0.38999998569488525)
(0.39999997615814209, 0.38999998569488525)
(0.39999997615814209, 0.39999997615814209)
(0.39999997615814209, 0.39999997615814209)
(0.39999997615814209, 0.39999997615814209)
(0.39999997615814209, 0.39999997615814209)
(0.39999997615814209, 0.39999997615814209)
(0.39999997615814209, 1.0399999618530273)
(0.39999997615814209, 1.0399999618530273)
(0.39999997615814209, 1.0399999618530273)
(0.39999997615814209, 1.0399999618530273)
(0.39999997615814209, 1.0399999618530273)
(0.39999997615814209, 0.41999998688697815)
(0.39999997615814209, 0.41999998688697815)
(0.39999997615814209, 0.41999998688697815)
(0.39999997615814209, 0.41999998688697815)
(0.39999997615814209, 0.41999998688697815)
(0.38999998569488525, 0.42999997735023499)
(0.38999998569488525, 0.42999997735023499)
(0.38999998569488525, 0.42999997735023499)
(0.38999998569488525, 0.42999997735023499)
(0.38999998569488525, 0.42999997735023499)
(0.38999998569488525, 0.39999997615814209)
(0.38999998569488525, 0.39999997615814209)
(0.38999998569488525, 0.39999997615814209)
(0.38999998569488525, 0.39999997615814209)
(0.38999998569488525, 0.39999997615814209)
(0.38999998569488525, 0.38999998569488525)
(0.38999998569488525, 0.38999998569488525)
(0.38999998569488525, 0.38999998569488525)
(0.38999998569488525, 0.38999998569488525)
(0.38999998569488525, 0.38999998569488525)
(0.38999998569488525, 0.38999998569488525)
(0.38999998569488525, 0.38999998569488525)
(0.38999998569488525, 0.38999998569488525)
(0.38999998569488525, 0.38999998569488525)
(0.38999998569488525, 0.38999998569488525)
(0.38999998569488525, 0.39999997615814209)
(0.38999998569488525, 0.39999997615814209)
(0.38999998569488525, 0.39999997615814209)
(0.38999998569488525, 0.39999997615814209)
(0.38999998569488525, 0.39999997615814209)
(0.38999998569488525, 0.43999999761581421)
(0.38999998569488525, 0.43999999761581421)
(0.38999998569488525, 0.43999999761581421)
(0.38999998569488525, 0.43999999761581421)
(0.38999998569488525, 0.43999999761581421)
(0.37000000476837158, 0.37999999523162842)
(0.37000000476837158, 0.37999999523162842)
(0.37000000476837158, 0.37999999523162842)
(0.37000000476837158, 0.37999999523162842)
(0.37000000476837158, 0.37999999523162842)
(0.34999999403953552, 1.0399999618530273)
(0.34999999403953552, 1.0399999618530273)
(0.34999999403953552, 1.0399999618530273)
(0.34999999403953552, 1.0399999618530273)
(0.34999999403953552, 1.0399999618530273)
(0.5899999737739563, 1.0499999523162842)
(0.5899999737739563, 1.0499999523162842)
(0.5899999737739563, 1.0499999523162842)
(0.5899999737739563, 1.0499999523162842)
(0.5899999737739563, 1.0499999523162842)
(0.57999998331069946, 1.0399999618530273)
(0.57999998331069946, 1.0399999618530273)
(0.57999998331069946, 1.0399999618530273)
(0.57999998331069946, 1.0399999618530273)
(0.57999998331069946, 1.0399999618530273)
saying: Obstacle lost!
(0.5899999737739563, 1.0399999618530273)
(0.5899999737739563, 1.0399999618530273)
(0.5899999737739563, 1.0399999618530273)
(0.5899999737739563, 1.0399999618530273)
(0.5899999737739563, 1.0399999618530273)
(0.56000000238418579, 1.0399999618530273)
(0.56000000238418579, 1.0399999618530273)
(0.56000000238418579, 1.0399999618530273)
(0.56000000238418579, 1.0399999618530273)
(0.56000000238418579, 1.0399999618530273)
(0.55000001192092896, 1.0499999523162842)
(0.55000001192092896, 1.0499999523162842)
(0.55000001192092896, 1.0499999523162842)
(0.55000001192092896, 1.0499999523162842)
(0.55000001192092896, 1.0499999523162842)
(0.55000001192092896, 1.0399999618530273)
(0.55000001192092896, 1.0399999618530273)
(0.55000001192092896, 1.0399999618530273)
(0.55000001192092896, 1.0399999618530273)
(0.55000001192092896, 1.0399999618530273)
(0.56000000238418579, 1.0499999523162842)
(0.56000000238418579, 1.0499999523162842)
(0.56000000238418579, 1.0499999523162842)
(0.56000000238418579, 1.0499999523162842)
(0.56000000238418579, 1.0499999523162842)
(1.3799999952316284, 0.47999998927116394)
(1.3799999952316284, 0.47999998927116394)
(1.3799999952316284, 0.47999998927116394)
(1.3799999952316284, 0.47999998927116394)
(1.3799999952316284, 0.47999998927116394)
saying: Obstacle seen!
Sonar: SEEN obstacle (on center, distance of 0.230000)
(0.22999998927116394, 0.23999999463558197)
(0.22999998927116394, 0.23999999463558197)
(0.22999998927116394, 0.23999999463558197)
(0.22999998927116394, 0.23999999463558197)
(0.22999998927116394, 0.23999999463558197)
(0.22999998927116394, 0.22999998927116394)
(0.22999998927116394, 0.22999998927116394)
(0.22999998927116394, 0.22999998927116394)
(0.22999998927116394, 0.22999998927116394)
(0.22999998927116394, 0.22999998927116394)
(0.22999998927116394, 0.22999998927116394)
(0.22999998927116394, 0.22999998927116394)
(0.22999998927116394, 0.22999998927116394)
(0.22999998927116394, 0.22999998927116394)
(0.22999998927116394, 0.22999998927116394)
(0.23999999463558197, 0.22999998927116394)
(0.23999999463558197, 0.22999998927116394)
(0.23999999463558197, 0.22999998927116394)
(0.23999999463558197, 0.22999998927116394)
(0.23999999463558197, 0.22999998927116394)
(0.22999998927116394, 0.23999999463558197)
(0.22999998927116394, 0.23999999463558197)
(0.22999998927116394, 0.23999999463558197)
(0.22999998927116394, 0.23999999463558197)
(0.22999998927116394, 0.23999999463558197)
(0.22999998927116394, 0.22999998927116394)
(0.22999998927116394, 0.22999998927116394)
(0.22999998927116394, 0.22999998927116394)
(0.22999998927116394, 0.22999998927116394)
(0.22999998927116394, 0.22999998927116394)
(0.23999999463558197, 0.23999999463558197)
(0.23999999463558197, 0.23999999463558197)
(0.23999999463558197, 0.23999999463558197)
(0.23999999463558197, 0.23999999463558197)
(0.23999999463558197, 0.23999999463558197)
(0.22999998927116394, 0.22999998927116394)
(0.22999998927116394, 0.22999998927116394)
(0.22999998927116394, 0.22999998927116394)
(0.22999998927116394, 0.22999998927116394)
(0.22999998927116394, 0.22999998927116394)
(0.22999998927116394, 0.22999998927116394)
(0.22999998927116394, 0.22999998927116394)
(0.22999998927116394, 0.22999998927116394)
(0.22999998927116394, 0.22999998927116394)
(0.22999998927116394, 0.22999998927116394)
(0.22999998927116394, 0.25999999046325684)
(0.22999998927116394, 0.25999999046325684)
(0.22999998927116394, 0.25999999046325684)
(0.22999998927116394, 0.25999999046325684)
(0.22999998927116394, 0.25999999046325684)
(0.22999998927116394, 0.23999999463558197)
(0.22999998927116394, 0.23999999463558197)
(0.22999998927116394, 0.23999999463558197)
(0.22999998927116394, 0.23999999463558197)
(0.22999998927116394, 0.23999999463558197)
(0.23999999463558197, 0.25)
(0.23999999463558197, 0.25)
(0.23999999463558197, 0.25)
(0.23999999463558197, 0.25)
(0.23999999463558197, 0.25)
(0.22999998927116394, 0.22999998927116394)
(0.22999998927116394, 0.22999998927116394)
(0.22999998927116394, 0.22999998927116394)
(0.22999998927116394, 0.22999998927116394)
(0.22999998927116394, 0.22999998927116394)
(0.22999998927116394, 0.22999998927116394)
(0.22999998927116394, 0.22999998927116394)
(0.22999998927116394, 0.22999998927116394)
(0.22999998927116394, 0.22999998927116394)
(0.22999998927116394, 0.22999998927116394)
(0.23999999463558197, 0.23999999463558197)
(0.23999999463558197, 0.23999999463558197)
(0.23999999463558197, 0.23999999463558197)
(0.23999999463558197, 0.23999999463558197)
(0.23999999463558197, 0.23999999463558197)
(0.22999998927116394, 0.23999999463558197)
(0.22999998927116394, 0.23999999463558197)
(0.22999998927116394, 0.23999999463558197)
(0.22999998927116394, 0.23999999463558197)
(0.22999998927116394, 0.23999999463558197)
(0.22999998927116394, 0.22999998927116394)
(0.22999998927116394, 0.22999998927116394)
(0.22999998927116394, 0.22999998927116394)
(0.22999998927116394, 0.22999998927116394)
(0.22999998927116394, 0.22999998927116394)
(0.22999998927116394, 0.23999999463558197)
(0.22999998927116394, 0.23999999463558197)
(0.22999998927116394, 0.23999999463558197)
(0.22999998927116394, 0.23999999463558197)
(0.22999998927116394, 0.23999999463558197)
(0.23999999463558197, 0.25)
(0.23999999463558197, 0.25)
(0.23999999463558197, 0.25)
(0.23999999463558197, 0.25)
(0.23999999463558197, 0.25)
(0.23999999463558197, 0.25)
(0.23999999463558197, 0.25)
(0.23999999463558197, 0.25)
(0.23999999463558197, 0.25)
(0.23999999463558197, 0.25)
(0.23999999463558197, 0.25)
(0.23999999463558197, 0.25)
(0.23999999463558197, 0.25)
(0.23999999463558197, 0.25)
(0.23999999463558197, 0.25)
(0.22999998927116394, 0.23999999463558197)
(0.22999998927116394, 0.23999999463558197)
(0.22999998927116394, 0.23999999463558197)
(0.22999998927116394, 0.23999999463558197)
(0.22999998927116394, 0.23999999463558197)
(0.23999999463558197, 0.23999999463558197)
(0.23999999463558197, 0.23999999463558197)
(0.23999999463558197, 0.23999999463558197)
(0.23999999463558197, 0.23999999463558197)
(0.23999999463558197, 0.23999999463558197)
(0.23999999463558197, 0.22999998927116394)
(0.23999999463558197, 0.22999998927116394)
(0.23999999463558197, 0.22999998927116394)
(0.23999999463558197, 0.22999998927116394)
(0.23999999463558197, 0.22999998927116394)
(0.22999998927116394, 0.23999999463558197)
(0.22999998927116394, 0.23999999463558197)
(0.22999998927116394, 0.23999999463558197)
(0.22999998927116394, 0.23999999463558197)
(0.22999998927116394, 0.23999999463558197)
(0.23999999463558197, 0.22999998927116394)
(0.23999999463558197, 0.22999998927116394)
(0.23999999463558197, 0.22999998927116394)
(0.23999999463558197, 0.22999998927116394)
(0.23999999463558197, 0.22999998927116394)
(0.22999998927116394, 0.23999999463558197)
(0.22999998927116394, 0.23999999463558197)
(0.22999998927116394, 0.23999999463558197)
(0.22999998927116394, 0.23999999463558197)
(0.22999998927116394, 0.23999999463558197)
(0.23999999463558197, 0.23999999463558197)
(0.23999999463558197, 0.23999999463558197)
(0.23999999463558197, 0.23999999463558197)
(0.23999999463558197, 0.23999999463558197)
(0.23999999463558197, 0.23999999463558197)
(0.22999998927116394, 0.23999999463558197)
(0.22999998927116394, 0.23999999463558197)
(0.22999998927116394, 0.23999999463558197)
(0.22999998927116394, 0.23999999463558197)
(0.22999998927116394, 0.23999999463558197)
(0.22999998927116394, 0.22999998927116394)
(0.22999998927116394, 0.22999998927116394)
(0.22999998927116394, 0.22999998927116394)
(0.22999998927116394, 0.22999998927116394)
(0.22999998927116394, 0.22999998927116394)
(0.22999998927116394, 0.22999998927116394)
(0.22999998927116394, 0.22999998927116394)
(0.22999998927116394, 0.22999998927116394)
(0.22999998927116394, 0.22999998927116394)
(0.22999998927116394, 0.22999998927116394)
(0.23999999463558197, 0.23999999463558197)
(0.23999999463558197, 0.23999999463558197)
(0.23999999463558197, 0.23999999463558197)
(0.23999999463558197, 0.23999999463558197)
(0.23999999463558197, 0.23999999463558197)
(0.23999999463558197, 0.23999999463558197)
(0.23999999463558197, 0.23999999463558197)
(0.23999999463558197, 0.23999999463558197)
(0.23999999463558197, 0.23999999463558197)
(0.23999999463558197, 0.23999999463558197)
(0.23999999463558197, 0.22999998927116394)
(0.23999999463558197, 0.22999998927116394)
(0.23999999463558197, 0.22999998927116394)
(0.23999999463558197, 0.22999998927116394)
(0.23999999463558197, 0.22999998927116394)
(0.23999999463558197, 0.23999999463558197)
(0.23999999463558197, 0.23999999463558197)
(0.23999999463558197, 0.23999999463558197)
(0.23999999463558197, 0.23999999463558197)
(0.23999999463558197, 0.23999999463558197)
(0.22999998927116394, 0.22999998927116394)
(0.22999998927116394, 0.22999998927116394)
(0.22999998927116394, 0.22999998927116394)
(0.22999998927116394, 0.22999998927116394)
(0.22999998927116394, 0.22999998927116394)
(0.23999999463558197, 0.22999998927116394)
(0.23999999463558197, 0.22999998927116394)
(0.23999999463558197, 0.22999998927116394)
(0.23999999463558197, 0.22999998927116394)
(0.23999999463558197, 0.22999998927116394)
(0.23999999463558197, 0.23999999463558197)
(0.23999999463558197, 0.23999999463558197)
(0.23999999463558197, 0.23999999463558197)
(0.23999999463558197, 0.23999999463558197)
(0.23999999463558197, 0.23999999463558197)
(0.23999999463558197, 0.23999999463558197)
(0.23999999463558197, 0.23999999463558197)
(0.23999999463558197, 0.23999999463558197)
(0.23999999463558197, 0.23999999463558197)
(0.23999999463558197, 0.23999999463558197)
(0.22999998927116394, 0.22999998927116394)
(0.22999998927116394, 0.22999998927116394)
(0.22999998927116394, 0.22999998927116394)
(0.22999998927116394, 0.22999998927116394)
(0.22999998927116394, 0.22999998927116394)
(0.22999998927116394, 0.22999998927116394)
(0.22999998927116394, 0.22999998927116394)
(0.22999998927116394, 0.22999998927116394)
(0.22999998927116394, 0.22999998927116394)
(0.22999998927116394, 0.22999998927116394)
(0.22999998927116394, 0.22999998927116394)
(0.22999998927116394, 0.22999998927116394)
(0.22999998927116394, 0.22999998927116394)
(0.22999998927116394, 0.22999998927116394)
(0.22999998927116394, 0.22999998927116394)
(0.23999999463558197, 0.22999998927116394)
(0.23999999463558197, 0.22999998927116394)
(0.23999999463558197, 0.22999998927116394)
(0.23999999463558197, 0.22999998927116394)
(0.23999999463558197, 0.22999998927116394)
(0.23999999463558197, 0.23999999463558197)
(0.23999999463558197, 0.23999999463558197)
(0.23999999463558197, 0.23999999463558197)
(0.23999999463558197, 0.23999999463558197)
(0.23999999463558197, 0.23999999463558197)
(0.23999999463558197, 0.23999999463558197)
(0.23999999463558197, 0.23999999463558197)
(0.23999999463558197, 0.23999999463558197)
(0.23999999463558197, 0.23999999463558197)
(0.23999999463558197, 0.23999999463558197)
(0.22999998927116394, 0.23999999463558197)
(0.22999998927116394, 0.23999999463558197)
(0.22999998927116394, 0.23999999463558197)
(0.22999998927116394, 0.23999999463558197)
(0.22999998927116394, 0.23999999463558197)
(0.23999999463558197, 0.23999999463558197)
(0.23999999463558197, 0.23999999463558197)
(0.23999999463558197, 0.23999999463558197)
(0.23999999463558197, 0.23999999463558197)
(0.23999999463558197, 0.23999999463558197)
(0.23999999463558197, 0.22999998927116394)
(0.23999999463558197, 0.22999998927116394)
(0.23999999463558197, 0.22999998927116394)
(0.23999999463558197, 0.22999998927116394)
(0.23999999463558197, 0.22999998927116394)
(0.23999999463558197, 0.23999999463558197)
(0.23999999463558197, 0.23999999463558197)
(0.23999999463558197, 0.23999999463558197)
(0.23999999463558197, 0.23999999463558197)
(0.23999999463558197, 0.23999999463558197)
(0.22999998927116394, 0.22999998927116394)
(0.22999998927116394, 0.22999998927116394)
(0.22999998927116394, 0.22999998927116394)
(0.22999998927116394, 0.22999998927116394)
(0.22999998927116394, 0.22999998927116394)
(0.22999998927116394, 0.22999998927116394)
(0.22999998927116394, 0.22999998927116394)
(0.22999998927116394, 0.22999998927116394)
(0.22999998927116394, 0.22999998927116394)
(0.22999998927116394, 0.22999998927116394)
(0.23999999463558197, 0.22999998927116394)
(0.23999999463558197, 0.22999998927116394)
(0.23999999463558197, 0.22999998927116394)
(0.23999999463558197, 0.22999998927116394)
(0.23999999463558197, 0.22999998927116394)
(0.22999998927116394, 0.22999998927116394)
(0.22999998927116394, 0.22999998927116394)
(0.22999998927116394, 0.22999998927116394)
(0.22999998927116394, 0.22999998927116394)
(0.22999998927116394, 0.22999998927116394)
(0.22999998927116394, 0.22999998927116394)
(0.22999998927116394, 0.22999998927116394)
(0.22999998927116394, 0.22999998927116394)
(0.22999998927116394, 0.22999998927116394)
(0.22999998927116394, 0.22999998927116394)
(0.22999998927116394, 0.22999998927116394)
(0.22999998927116394, 0.22999998927116394)
(0.22999998927116394, 0.22999998927116394)
(0.22999998927116394, 0.22999998927116394)
(0.22999998927116394, 0.22999998927116394)
(0.22999998927116394, 0.22999998927116394)
(0.22999998927116394, 0.22999998927116394)
(0.22999998927116394, 0.22999998927116394)
(0.22999998927116394, 0.22999998927116394)
(0.22999998927116394, 0.22999998927116394)
(0.23999999463558197, 0.23999999463558197)
(0.23999999463558197, 0.23999999463558197)
(0.23999999463558197, 0.23999999463558197)
(0.23999999463558197, 0.23999999463558197)
(0.23999999463558197, 0.23999999463558197)
(0.22999998927116394, 0.22999998927116394)
(0.22999998927116394, 0.22999998927116394)
(0.22999998927116394, 0.22999998927116394)
(0.22999998927116394, 0.22999998927116394)
(0.22999998927116394, 0.22999998927116394)
(0.22999998927116394, 0.22999998927116394)
(0.22999998927116394, 0.22999998927116394)
(0.22999998927116394, 0.22999998927116394)
(0.22999998927116394, 0.22999998927116394)
(0.22999998927116394, 0.22999998927116394)
(0.22999998927116394, 0.22999998927116394)
(0.22999998927116394, 0.22999998927116394)
(0.22999998927116394, 0.22999998927116394)
(0.22999998927116394, 0.22999998927116394)
(0.22999998927116394, 0.22999998927116394)
(0.22999998927116394, 0.22999998927116394)
(0.22999998927116394, 0.22999998927116394)
(0.22999998927116394, 0.22999998927116394)
(0.22999998927116394, 0.22999998927116394)
(0.22999998927116394, 0.22999998927116394)
(0.23999999463558197, 0.23999999463558197)
(0.23999999463558197, 0.23999999463558197)
(0.23999999463558197, 0.23999999463558197)
(0.23999999463558197, 0.23999999463558197)
(0.23999999463558197, 0.23999999463558197)
(0.22999998927116394, 0.23999999463558197)
(0.22999998927116394, 0.23999999463558197)
(0.22999998927116394, 0.23999999463558197)
(0.22999998927116394, 0.23999999463558197)
(0.22999998927116394, 0.23999999463558197)
(0.22999998927116394, 0.22999998927116394)
(0.22999998927116394, 0.22999998927116394)
(0.22999998927116394, 0.22999998927116394)
(0.22999998927116394, 0.22999998927116394)
(0.22999998927116394, 0.22999998927116394)
(0.22999998927116394, 0.22999998927116394)
(0.22999998927116394, 0.22999998927116394)
(0.22999998927116394, 0.22999998927116394)
(0.22999998927116394, 0.22999998927116394)
(0.22999998927116394, 0.22999998927116394)
(0.23999999463558197, 0.23999999463558197)
(0.23999999463558197, 0.23999999463558197)
(0.23999999463558197, 0.23999999463558197)
(0.23999999463558197, 0.23999999463558197)
(0.23999999463558197, 0.23999999463558197)
(0.23999999463558197, 0.22999998927116394)
(0.23999999463558197, 0.22999998927116394)
(0.23999999463558197, 0.22999998927116394)
(0.23999999463558197, 0.22999998927116394)
(0.23999999463558197, 0.22999998927116394)
(0.22999998927116394, 0.23999999463558197)
(0.22999998927116394, 0.23999999463558197)
(0.22999998927116394, 0.23999999463558197)
(0.22999998927116394, 0.23999999463558197)
(0.22999998927116394, 0.23999999463558197)
(0.22999998927116394, 0.23999999463558197)
(0.22999998927116394, 0.23999999463558197)
(0.22999998927116394, 0.23999999463558197)
(0.22999998927116394, 0.23999999463558197)
(0.22999998927116394, 0.23999999463558197)
(0.22999998927116394, 0.22999998927116394)
(0.22999998927116394, 0.22999998927116394)
(0.22999998927116394, 0.22999998927116394)
(0.22999998927116394, 0.22999998927116394)
(0.22999998927116394, 0.22999998927116394)
(0.22999998927116394, 0.22999998927116394)
(0.22999998927116394, 0.22999998927116394)
(0.22999998927116394, 0.22999998927116394)
(0.22999998927116394, 0.22999998927116394)
(0.22999998927116394, 0.22999998927116394)
(0.23999999463558197, 0.22999998927116394)
(0.23999999463558197, 0.22999998927116394)
(0.23999999463558197, 0.22999998927116394)
(0.23999999463558197, 0.22999998927116394)
(0.23999999463558197, 0.22999998927116394)
(0.23999999463558197, 0.23999999463558197)
(0.23999999463558197, 0.23999999463558197)
(0.23999999463558197, 0.23999999463558197)
(0.23999999463558197, 0.23999999463558197)
(0.23999999463558197, 0.23999999463558197)
(0.22999998927116394, 0.23999999463558197)
(0.22999998927116394, 0.23999999463558197)
(0.22999998927116394, 0.23999999463558197)
(0.22999998927116394, 0.23999999463558197)
(0.22999998927116394, 0.23999999463558197)
(0.23999999463558197, 0.23999999463558197)
(0.23999999463558197, 0.23999999463558197)
(0.23999999463558197, 0.23999999463558197)
(0.23999999463558197, 0.23999999463558197)
(0.23999999463558197, 0.23999999463558197)
(0.22999998927116394, 0.22999998927116394)
(0.22999998927116394, 0.22999998927116394)
(0.22999998927116394, 0.22999998927116394)
(0.22999998927116394, 0.22999998927116394)
(0.22999998927116394, 0.22999998927116394)
(0.23999999463558197, 0.22999998927116394)
(0.23999999463558197, 0.22999998927116394)
(0.23999999463558197, 0.22999998927116394)
(0.23999999463558197, 0.22999998927116394)
(0.23999999463558197, 0.22999998927116394)
(0.23999999463558197, 0.23999999463558197)
(0.23999999463558197, 0.23999999463558197)
(0.23999999463558197, 0.23999999463558197)
(0.23999999463558197, 0.23999999463558197)
(0.23999999463558197, 0.23999999463558197)
(0.22999998927116394, 0.22999998927116394)
(0.22999998927116394, 0.22999998927116394)
(0.22999998927116394, 0.22999998927116394)
(0.22999998927116394, 0.22999998927116394)
(0.22999998927116394, 0.22999998927116394)
(0.22999998927116394, 0.22999998927116394)
(0.22999998927116394, 0.22999998927116394)
(0.22999998927116394, 0.22999998927116394)
(0.22999998927116394, 0.22999998927116394)
(0.22999998927116394, 0.22999998927116394)
(0.22999998927116394, 0.22999998927116394)
(0.22999998927116394, 0.22999998927116394)
(0.22999998927116394, 0.22999998927116394)
(0.22999998927116394, 0.22999998927116394)
(0.22999998927116394, 0.22999998927116394)
(0.23999999463558197, 0.23999999463558197)
(0.23999999463558197, 0.23999999463558197)
(0.23999999463558197, 0.23999999463558197)
(0.23999999463558197, 0.23999999463558197)
(0.23999999463558197, 0.23999999463558197)
(0.23999999463558197, 0.23999999463558197)
(0.23999999463558197, 0.23999999463558197)
(0.23999999463558197, 0.23999999463558197)
(0.23999999463558197, 0.23999999463558197)
(0.23999999463558197, 0.23999999463558197)
(0.22999998927116394, 0.22999998927116394)
(0.22999998927116394, 0.22999998927116394)
(0.22999998927116394, 0.22999998927116394)
(0.22999998927116394, 0.22999998927116394)
(0.22999998927116394, 0.22999998927116394)
(0.22999998927116394, 0.22999998927116394)
(0.22999998927116394, 0.22999998927116394)
(0.22999998927116394, 0.22999998927116394)
(0.22999998927116394, 0.22999998927116394)
(0.22999998927116394, 0.22999998927116394)
(0.22999998927116394, 1.0399999618530273)
(0.22999998927116394, 1.0399999618530273)
(0.22999998927116394, 1.0399999618530273)
(0.22999998927116394, 1.0399999618530273)
(0.22999998927116394, 1.0399999618530273)
(0.48999997973442078, 1.0399999618530273)
(0.48999997973442078, 1.0399999618530273)
(0.48999997973442078, 1.0399999618530273)
(0.48999997973442078, 1.0399999618530273)
(0.48999997973442078, 1.0399999618530273)
(0.65999996662139893, 1.0399999618530273)
(0.65999996662139893, 1.0399999618530273)
(0.65999996662139893, 1.0399999618530273)
(0.65999996662139893, 1.0399999618530273)
(0.65999996662139893, 1.0399999618530273)
saying: Obstacle lost!
(0.48999997973442078, 1.0399999618530273)
(0.48999997973442078, 1.0399999618530273)
(0.48999997973442078, 1.0399999618530273)
(0.48999997973442078, 1.0399999618530273)
(0.48999997973442078, 1.0399999618530273)
(0.42999997735023499, 1.0399999618530273)
(0.42999997735023499, 1.0399999618530273)
(0.42999997735023499, 1.0399999618530273)
(0.42999997735023499, 1.0399999618530273)
(0.42999997735023499, 1.0399999618530273)
(1.4900000095367432, 1.0399999618530273)
(1.4900000095367432, 1.0399999618530273)
(1.4900000095367432, 1.0399999618530273)
(1.4900000095367432, 1.0399999618530273)
(1.4900000095367432, 1.0399999618530273)
(1.0699999332427979, 1.0299999713897705)
(1.0699999332427979, 1.0299999713897705)
(1.0699999332427979, 1.0299999713897705)
(1.0699999332427979, 1.0299999713897705)
(1.0699999332427979, 1.0299999713897705)
(1.5799999237060547, 1.0399999618530273)
(1.5799999237060547, 1.0399999618530273)
(1.5799999237060547, 1.0399999618530273)
(1.5799999237060547, 1.0399999618530273)
(1.5799999237060547, 1.0399999618530273)
(1.0499999523162842, 1.0399999618530273)
(1.0499999523162842, 1.0399999618530273)
(1.0499999523162842, 1.0399999618530273)
(1.0499999523162842, 1.0399999618530273)
(1.0499999523162842, 1.0399999618530273)
(1.0499999523162842, 1.0399999618530273)
(1.0299999713897705, 1.0399999618530273)
(1.0299999713897705, 1.0399999618530273)
(1.0299999713897705, 1.0399999618530273)
(1.0299999713897705, 1.0399999618530273)
(1.0499999523162842, 1.0199999809265137)
(1.0499999523162842, 1.0199999809265137)
(1.0499999523162842, 1.0199999809265137)
(1.0499999523162842, 1.0199999809265137)
(1.0499999523162842, 1.0199999809265137)
(1.059999942779541, 1.0399999618530273)
(1.059999942779541, 1.0399999618530273)
(1.059999942779541, 1.0399999618530273)
(1.059999942779541, 1.0399999618530273)
(1.059999942779541, 1.0399999618530273)
(1.0799999237060547, 1.0399999618530273)
(1.0799999237060547, 1.0399999618530273)
(1.0799999237060547, 1.0399999618530273)
(1.0799999237060547, 1.0399999618530273)
(1.0799999237060547, 1.0399999618530273)
(1.059999942779541, 1.0499999523162842)
(1.059999942779541, 1.0499999523162842)
(1.059999942779541, 1.0499999523162842)
(1.059999942779541, 1.0499999523162842)
(1.059999942779541, 1.0499999523162842)
(1.059999942779541, 1.0499999523162842)
(1.059999942779541, 1.0499999523162842)
(1.059999942779541, 1.0499999523162842)
(1.059999942779541, 1.0499999523162842)
(1.059999942779541, 1.0499999523162842)
(1.0299999713897705, 1.0499999523162842)
(1.0299999713897705, 1.0499999523162842)
(1.0299999713897705, 1.0499999523162842)
(1.0299999713897705, 1.0499999523162842)
(1.0299999713897705, 1.0499999523162842)
(1.0399999618530273, 1.0499999523162842)
(1.0399999618530273, 1.0499999523162842)
(1.0399999618530273, 1.0499999523162842)
(1.0399999618530273, 1.0499999523162842)
(1.0399999618530273, 1.0499999523162842)
(1.0799999237060547, 1.0499999523162842)
(1.0799999237060547, 1.0499999523162842)
(1.0799999237060547, 1.0499999523162842)
(1.0799999237060547, 1.0499999523162842)
(1.0799999237060547, 1.0499999523162842)
(1.0399999618530273, 1.0499999523162842)
(1.0399999618530273, 1.0499999523162842)
(1.0399999618530273, 1.0499999523162842)
(1.0399999618530273, 1.0499999523162842)
(1.0399999618530273, 1.0499999523162842)
(1.0900000333786011, 1.0399999618530273)
(1.0900000333786011, 1.0399999618530273)
(1.0900000333786011, 1.0399999618530273)
(1.0900000333786011, 1.0399999618530273)
(1.0900000333786011, 1.0399999618530273)
(1.0699999332427979, 1.0399999618530273)
(1.0699999332427979, 1.0399999618530273)
(1.0699999332427979, 1.0399999618530273)
(1.0699999332427979, 1.0399999618530273)
(1.0699999332427979, 1.0399999618530273)
(1.2899999618530273, 1.0399999618530273)
(1.2899999618530273, 1.0399999618530273)
(1.2899999618530273, 1.0399999618530273)
(1