(1.4499999284744263, 1.0299999713897705)
(1.4499999284744263, 1.0299999713897705)
(1.4499999284744263, 1.0299999713897705)
(1.2899999618530273, 1.0)
(1.2899999618530273, 1.0)
(1.2899999618530273, 1.0)
(1.2899999618530273, 1.0)
(1.2899999618530273, 1.0)
(1.2899999618530273, 1.0)
(1.2899999618530273, 1.0)
(1.4800000190734863, 1.0)
(1.4800000190734863, 1.0)
(1.4800000190734863, 1.0)
(1.2799999713897705, 1.0099999904632568)
(1.2799999713897705, 1.0099999904632568)
(1.3600000143051147, 1.0199999809265137)
(1.3600000143051147, 1.0199999809265137)
(1.3899999856948853, 1.0)
(1.3899999856948853, 1.0)
(1.3899999856948853, 1.0)
(1.3999999761581421, 1.0199999809265137)
(1.3999999761581421, 1.0199999809265137)
(1.3999999761581421, 1.0199999809265137)
(1.1899999380111694, 1.0399999618530273)
(1.1899999380111694, 1.0399999618530273)
(1.0699999332427979, 1.0399999618530273)
(1.0699999332427979, 1.0399999618530273)
(1.0699999332427979, 1.0399999618530273)
(1.1299999952316284, 1.0399999618530273)
(1.1299999952316284, 1.0399999618530273)
(1.1200000047683716, 1.0099999904632568)
(1.1200000047683716, 1.0099999904632568)
(1.1200000047683716, 1.0099999904632568)
(1.1599999666213989, 1.0399999618530273)
(1.1599999666213989, 1.0399999618530273)
(1.1799999475479126, 1.0299999713897705)
(1.1799999475479126, 1.0299999713897705)
(1.1499999761581421, 1.0099999904632568)
(1.1499999761581421, 1.0099999904632568)
(1.1499999761581421, 1.0099999904632568)
(1.1200000047683716, 1.0299999713897705)
(1.1200000047683716, 1.0299999713897705)
(1.1200000047683716, 1.0299999713897705)
(1.1699999570846558, 1.0399999618530273)
(1.1699999570846558, 1.0399999618530273)
(1.1599999666213989, 1.0299999713897705)
(1.1599999666213989, 1.0299999713897705)
(1.1599999666213989, 1.0299999713897705)
(1.1499999761581421, 1.0199999809265137)
(1.1499999761581421, 1.0199999809265137)
(1.1599999666213989, 1.0199999809265137)
(1.1599999666213989, 1.0199999809265137)
(1.1599999666213989, 1.0199999809265137)
(1.1599999666213989, 1.0199999809265137)
(1.1599999666213989, 1.0199999809265137)
(1.5299999713897705, 1.0299999713897705)
(1.5299999713897705, 1.0299999713897705)
(1.5299999713897705, 1.0299999713897705)
(1.3299999237060547, 1.0499999523162842)
(1.3299999237060547, 1.0499999523162842)
(1.0799999237060547, 1.0499999523162842)
(1.0799999237060547, 1.0499999523162842)
(1.0799999237060547, 1.0499999523162842)
(1.3999999761581421, 1.0199999809265137)
(1.3999999761581421, 1.0199999809265137)
(1.4699999094009399, 1.0199999809265137)
(1.4699999094009399, 1.0199999809265137)
(1.4699999094009399, 1.0199999809265137)
(1.1899999380111694, 1.0499999523162842)
(1.1899999380111694, 1.0499999523162842)
(1.1599999666213989, 1.0199999809265137)
(1.1599999666213989, 1.0199999809265137)
(1.1599999666213989, 1.0199999809265137)
(1.1599999666213989, 1.0299999713897705)
(1.1599999666213989, 1.0299999713897705)
(1.1699999570846558, 1.0199999809265137)
(1.1699999570846558, 1.0199999809265137)
(1.1699999570846558, 1.0199999809265137)
(1.1100000143051147, 1.0399999618530273)
(1.1100000143051147, 1.0399999618530273)
(1.1599999666213989, 1.0199999809265137)
(1.1599999666213989, 1.0199999809265137)
(1.1399999856948853, 1.0199999809265137)
(1.1399999856948853, 1.0199999809265137)
(1.1399999856948853, 1.0199999809265137)
(1.4499999284744263, 1.0399999618530273)
(1.4499999284744263, 1.0399999618530273)
(1.4499999284744263, 1.0399999618530273)
(1.6399999856948853, 1.0399999618530273)
(1.6399999856948853, 1.0399999618530273)
(1.1799999475479126, 1.0199999809265137)
(1.1799999475479126, 1.0199999809265137)
(1.1799999475479126, 1.0199999809265137)
(1.1999999284744263, 1.0299999713897705)
(1.1999999284744263, 1.0299999713897705)
(1.1699999570846558, 1.0199999809265137)
(1.1699999570846558, 1.0199999809265137)
(1.1799999475479126, 1.0299999713897705)
(1.1799999475479126, 1.0299999713897705)
(1.1799999475479126, 1.0299999713897705)
(1.1499999761581421, 1.0199999809265137)
(1.1499999761581421, 1.0199999809265137)
(1.1499999761581421, 1.0199999809265137)
(1.3500000238418579, 1.0499999523162842)
(1.3500000238418579, 1.0499999523162842)
(1.1699999570846558, 1.0499999523162842)
(1.1699999570846558, 1.0499999523162842)
(1.1699999570846558, 1.0499999523162842)
(1.1599999666213989, 1.0399999618530273)
(1.1599999666213989, 1.0399999618530273)
(1.4699999094009399, 1.0299999713897705)
(1.4699999094009399, 1.0299999713897705)
(1.1499999761581421, 1.0299999713897705)
(1.1499999761581421, 1.0299999713897705)
(1.1499999761581421, 1.0299999713897705)
(1.1499999761581421, 1.0399999618530273)
(1.1499999761581421, 1.0399999618530273)
(1.1499999761581421, 1.0399999618530273)
(1.1599999666213989, 1.0399999618530273)
(1.1599999666213989, 1.0399999618530273)
(1.3299999237060547, 1.0399999618530273)
(1.3299999237060547, 1.0399999618530273)
(1.3299999237060547, 1.0399999618530273)
(1.1599999666213989, 1.0399999618530273)
(1.1599999666213989, 1.0399999618530273)
(1.1499999761581421, 1.0499999523162842)
(1.1499999761581421, 1.0499999523162842)
(1.1499999761581421, 1.0499999523162842)
(1.1599999666213989, 1.0299999713897705)
(1.1599999666213989, 1.0299999713897705)
(1.4499999284744263, 1.0499999523162842)
(1.4499999284744263, 1.0499999523162842)
(1.4499999284744263, 1.0499999523162842)
(1.1699999570846558, 1.0499999523162842)
(1.1699999570846558, 1.0499999523162842)
(1.1399999856948853, 1.0399999618530273)
(1.1399999856948853, 1.0399999618530273)
(1.1399999856948853, 1.0399999618530273)
(1.1799999475479126, 1.0499999523162842)
(1.1799999475479126, 1.0499999523162842)
(1.0799999237060547, 1.0399999618530273)
(1.0799999237060547, 1.0399999618530273)
(1.0799999237060547, 1.0399999618530273)
(2.5499999523162842, 1.0299999713897705)
(2.5499999523162842, 1.0299999713897705)
(1.3600000143051147, 1.0199999809265137)
(1.3600000143051147, 1.0199999809265137)
(1.1499999761581421, 1.0099999904632568)
(1.1499999761581421, 1.0099999904632568)
(1.1499999761581421, 1.0099999904632568)
(1.5, 1.0299999713897705)
(1.5, 1.0299999713897705)
(1.5, 1.0299999713897705)
(1.0699999332427979, 1.0299999713897705)
(1.0699999332427979, 1.0299999713897705)
(1.1499999761581421, 1.0499999523162842)
(1.1499999761581421, 1.0499999523162842)
(1.1499999761581421, 1.0499999523162842)
(1.1499999761581421, 1.0199999809265137)
(1.1499999761581421, 1.0199999809265137)
(1.1599999666213989, 1.0499999523162842)
(1.1599999666213989, 1.0499999523162842)
(1.1499999761581421, 1.0299999713897705)
(1.1499999761581421, 1.0299999713897705)
(1.1499999761581421, 1.0299999713897705)
(1.1299999952316284, 1.0299999713897705)
(1.1299999952316284, 1.0299999713897705)
(1.1299999952316284, 1.0299999713897705)
(1.1499999761581421, 1.0399999618530273)
(1.1499999761581421, 1.0399999618530273)
(1.3500000238418579, 1.0499999523162842)
(1.3500000238418579, 1.0499999523162842)
(1.3500000238418579, 1.0499999523162842)
(1.4599999189376831, 1.0499999523162842)
(1.4599999189376831, 1.0499999523162842)
(1.1399999856948853, 1.0499999523162842)
(1.1399999856948853, 1.0499999523162842)
(1.1399999856948853, 1.0499999523162842)
(1.3999999761581421, 1.0499999523162842)
(1.3999999761581421, 1.0499999523162842)
(1.1499999761581421, 1.0099999904632568)
(1.1499999761581421, 1.0099999904632568)
(1.1499999761581421, 1.0099999904632568)
(1.1599999666213989, 1.0499999523162842)
(1.1599999666213989, 1.0499999523162842)
(1.1399999856948853, 1.0)
(1.1399999856948853, 1.0)
(1.1399999856948853, 1.0)
(1.1899999380111694, 1.0399999618530273)
(1.1899999380111694, 1.0399999618530273)
(1.1699999570846558, 1.0199999809265137)
(1.1699999570846558, 1.0199999809265137)
(1.1799999475479126, 1.0099999904632568)
(1.1799999475479126, 1.0099999904632568)
(1.1799999475479126, 1.0099999904632568)
(1.1599999666213989, 1.0)
(1.1599999666213989, 1.0)
(1.059999942779541, 1.059999942779541)
(1.059999942779541, 1.059999942779541)
(1.059999942779541, 1.059999942779541)
(1.1499999761581421, 1.0499999523162842)
(1.1499999761581421, 1.0499999523162842)
(1.1499999761581421, 1.0499999523162842)
(1.1299999952316284, 1.0399999618530273)
(1.1299999952316284, 1.0399999618530273)
(1.1699999570846558, 1.0499999523162842)
(1.1699999570846558, 1.0499999523162842)
saying: Obstacle seen!
Sonar: SEEN obstacle (on center, distance of 0.240000)
(0.25, 0.23999999463558197)
(0.25, 0.23999999463558197)
(0.25, 0.23999999463558197)
(0.25, 0.23999999463558197)
(0.23999999463558197, 0.23999999463558197)
(0.23999999463558197, 0.23999999463558197)
(0.23999999463558197, 0.23999999463558197)
(0.23999999463558197, 0.23999999463558197)
(0.22999998927116394, 0.23999999463558197)
(0.22999998927116394, 0.23999999463558197)
(0.22999998927116394, 0.23999999463558197)
(0.22999998927116394, 0.22999998927116394)
(0.22999998927116394, 0.22999998927116394)
(0.23999999463558197, 0.22999998927116394)
(0.23999999463558197, 0.22999998927116394)
(0.23999999463558197, 0.22999998927116394)
(0.22999998927116394, 0.22999998927116394)
(0.22999998927116394, 0.22999998927116394)
(0.23999999463558197, 0.22999998927116394)
(0.23999999463558197, 0.22999998927116394)
(0.22999998927116394, 0.23999999463558197)
(0.22999998927116394, 0.23999999463558197)
(0.22999998927116394, 0.23999999463558197)
(0.22999998927116394, 0.22999998927116394)
(0.22999998927116394, 0.22999998927116394)
(0.22999998927116394, 0.22999998927116394)
(0.23999999463558197, 0.23999999463558197)
(0.23999999463558197, 0.23999999463558197)
(0.23999999463558197, 0.22999998927116394)
(0.23999999463558197, 0.22999998927116394)
(0.23999999463558197, 0.22999998927116394)
(0.23999999463558197, 0.22999998927116394)
(0.23999999463558197, 0.22999998927116394)
(0.23999999463558197, 0.23999999463558197)
(0.23999999463558197, 0.23999999463558197)
(0.22999998927116394, 0.22999998927116394)
(0.22999998927116394, 0.22999998927116394)
(0.22999998927116394, 0.22999998927116394)
(0.22999998927116394, 0.23999999463558197)
(0.22999998927116394, 0.23999999463558197)
(0.22999998927116394, 0.23999999463558197)
(0.23999999463558197, 0.23999999463558197)
(0.23999999463558197, 0.23999999463558197)
(0.23999999463558197, 0.22999998927116394)
(0.23999999463558197, 0.22999998927116394)
(0.23999999463558197, 0.22999998927116394)
(0.22999998927116394, 0.22999998927116394)
(0.22999998927116394, 0.22999998927116394)
(0.23999999463558197, 0.23999999463558197)
(0.23999999463558197, 0.23999999463558197)
(0.23999999463558197, 0.22999998927116394)
(0.23999999463558197, 0.22999998927116394)
(0.23999999463558197, 0.22999998927116394)
(0.23999999463558197, 0.22999998927116394)
(0.23999999463558197, 0.22999998927116394)
(0.23999999463558197, 0.22999998927116394)
(0.22999998927116394, 0.22999998927116394)
(0.22999998927116394, 0.22999998927116394)
(0.23999999463558197, 0.22999998927116394)
(0.23999999463558197, 0.22999998927116394)
(0.23999999463558197, 0.22999998927116394)
(0.22999998927116394, 0.22999998927116394)
(0.22999998927116394, 0.22999998927116394)
(0.22999998927116394, 0.23999999463558197)
(0.22999998927116394, 0.23999999463558197)
(0.23999999463558197, 0.23999999463558197)
(0.23999999463558197, 0.23999999463558197)
(0.23999999463558197, 0.23999999463558197)
(0.23999999463558197, 0.23999999463558197)
(0.23999999463558197, 0.23999999463558197)
(0.22999998927116394, 0.22999998927116394)
(0.22999998927116394, 0.22999998927116394)
(0.22999998927116394, 0.22999998927116394)
(0.22999998927116394, 0.22999998927116394)
(0.22999998927116394, 0.22999998927116394)
(0.22999998927116394, 0.22999998927116394)
(0.22999998927116394, 0.22999998927116394)
(0.22999998927116394, 0.22999998927116394)
(0.23999999463558197, 0.23999999463558197)
(0.23999999463558197, 0.23999999463558197)
(0.23999999463558197, 1.0499999523162842)
(0.23999999463558197, 1.0499999523162842)
(0.23999999463558197, 1.0499999523162842)
(1.059999942779541, 1.0499999523162842)
(1.059999942779541, 1.0499999523162842)
(1.059999942779541, 1.0499999523162842)
(1.059999942779541, 1.0499999523162842)
(1.059999942779541, 1.0499999523162842)
(1.059999942779541, 1.0399999618530273)
(1.059999942779541, 1.0399999618530273)
(1.059999942779541, 1.0399999618530273)
saying: Obstacle lost!
(1.1200000047683716, 1.0299999713897705)
(1.1200000047683716, 1.0299999713897705)
(1.1200000047683716, 1.0299999713897705)
(1.0399999618530273, 1.0299999713897705)
(1.0399999618530273, 1.0299999713897705)
(1.0499999523162842, 1.0099999904632568)
(1.0499999523162842, 1.0099999904632568)
(1.0399999618530273, 1.0099999904632568)
(1.0399999618530273, 1.0099999904632568)
(1.0499999523162842, 1.0199999809265137)
(1.0499999523162842, 1.0199999809265137)
(1.0499999523162842, 1.0199999809265137)
(1.1399999856948853, 1.0299999713897705)
(1.1399999856948853, 1.0299999713897705)
(1.1399999856948853, 1.0299999713897705)
(1.0799999237060547, 1.0099999904632568)
(1.0799999237060547, 1.0099999904632568)
saying: Obstacle seen!
Sonar: SEEN obstacle (on right, distance of 0.350000)
(1.1200000047683716, 0.34999999403953552)
(1.1200000047683716, 0.34999999403953552)
(1.1200000047683716, 0.34999999403953552)
(0.31999999284744263, 0.31999999284744263)
(0.31999999284744263, 0.31999999284744263)
(0.32999998331069946, 0.31000000238418579)
(0.32999998331069946, 0.31000000238418579)
(0.31000000238418579, 0.31000000238418579)
(0.31000000238418579, 0.31000000238418579)
(0.31000000238418579, 0.31000000238418579)
(0.28999999165534973, 0.38999998569488525)
(0.28999999165534973, 0.38999998569488525)
(0.28999999165534973, 0.38999998569488525)
(0.31000000238418579, 0.2800000011920929)
(0.31000000238418579, 0.2800000011920929)
(0.26999998092651367, 0.32999998331069946)
(0.26999998092651367, 0.32999998331069946)
(0.26999998092651367, 0.32999998331069946)
(0.2800000011920929, 0.25999999046325684)
(0.2800000011920929, 0.25999999046325684)
(0.26999998092651367, 0.25999999046325684)
(0.26999998092651367, 0.25999999046325684)
(0.25999999046325684, 0.25999999046325684)
(0.25999999046325684, 0.25999999046325684)
(0.25999999046325684, 0.25999999046325684)
(0.25999999046325684, 0.25999999046325684)
(0.25999999046325684, 0.25999999046325684)
(0.25999999046325684, 0.25999999046325684)
(0.25999999046325684, 0.25999999046325684)
(0.25999999046325684, 0.25999999046325684)
(0.25999999046325684, 0.25)
(0.25999999046325684, 0.25)
(0.25999999046325684, 0.25)
(0.25999999046325684, 0.25)
(0.25999999046325684, 0.25)
(0.25999999046325684, 0.23999999463558197)
(0.25999999046325684, 0.23999999463558197)
(0.25, 0.23999999463558197)
(0.25, 0.23999999463558197)
(0.25, 0.23999999463558197)
(0.25, 0.25)
(0.25, 0.25)
(0.25, 0.25)
(0.25, 0.25)
(0.25, 0.25)
(0.25, 0.25)
(0.25, 0.25)
(0.25, 0.25)
(0.25, 0.25)
(0.25, 0.25)
(0.25, 0.25)
(0.25, 0.25)
(0.25, 0.28999999165534973)
(0.25, 0.28999999165534973)
(0.25, 0.28999999165534973)
(0.23999999463558197, 1.0499999523162842)
(0.23999999463558197, 1.0499999523162842)
(0.23999999463558197, 1.0499999523162842)
(1.1999999284744263, 1.0299999713897705)
(1.1999999284744263, 1.0299999713897705)
(1.1999999284744263, 1.059999942779541)
(1.1999999284744263, 1.059999942779541)
(1.1999999284744263, 1.059999942779541)
saying: Obstacle lost!
(1.2899999618530273, 1.059999942779541)
(1.2899999618530273, 1.059999942779541)
(1.4199999570846558, 1.0299999713897705)
(1.4199999570846558, 1.0299999713897705)
(1.0699999332427979, 1.0499999523162842)
(1.0699999332427979, 1.0499999523162842)
(1.0699999332427979, 1.0499999523162842)
(1.0900000333786011, 1.0299999713897705)
(1.0900000333786011, 1.0299999713897705)
(1.0900000333786011, 1.0299999713897705)
(1.0299999713897705, 1.059999942779541)
(1.0299999713897705, 1.059999942779541)
(1.1200000047683716, 1.0499999523162842)
(1.1200000047683716, 1.0499999523162842)
(1.1200000047683716, 1.0499999523162842)
(1.1699999570846558, 0.98999994993209839)
(1.1699999570846558, 0.98999994993209839)
(1.1399999856948853, 1.0099999904632568)
(1.1399999856948853, 1.0099999904632568)
(1.1000000238418579, 1.0099999904632568)
(1.1000000238418579, 1.0099999904632568)
(1.1000000238418579, 1.0099999904632568)
(0.44999998807907104, 0.42999997735023499)
(0.44999998807907104, 0.42999997735023499)
(0.44999998807907104, 0.42999997735023499)
(0.41999998688697815, 0.51999998092651367)
(0.41999998688697815, 0.51999998092651367)
saying: Obstacle seen!
Sonar: SEEN obstacle (on center, distance of 0.400000)
(0.39999997615814209, 0.42999997735023499)
(0.39999997615814209, 0.42999997735023499)
(0.39999997615814209, 0.42999997735023499)
(0.38999998569488525, 0.37000000476837158)
(0.38999998569488525, 0.37000000476837158)
(0.37999999523162842, 0.37000000476837158)
(0.37999999523162842, 0.37000000476837158)
(0.37999999523162842, 0.37000000476837158)
(0.37000000476837158, 0.37000000476837158)
(0.37000000476837158, 0.37000000476837158)
(0.37000000476837158, 0.37000000476837158)
(0.37000000476837158, 0.37000000476837158)
(0.37000000476837158, 0.37000000476837158)
(0.35999998450279236, 0.35999998450279236)
(0.35999998450279236, 0.35999998450279236)
(0.37000000476837158, 0.35999998450279236)
(0.37000000476837158, 0.35999998450279236)
(0.37000000476837158, 0.35999998450279236)
(0.35999998450279236, 0.35999998450279236)
(0.35999998450279236, 0.35999998450279236)
(0.37000000476837158, 0.37000000476837158)
(0.37000000476837158, 0.37000000476837158)
(0.37000000476837158, 0.37000000476837158)
(0.37000000476837158, 0.35999998450279236)
(0.37000000476837158, 0.35999998450279236)
(0.37000000476837158, 0.37000000476837158)
(0.37000000476837158, 0.37000000476837158)
(0.37999999523162842, 0.37000000476837158)
(0.37999999523162842, 0.37000000476837158)
(0.37999999523162842, 0.37000000476837158)
(0.37000000476837158, 0.35999998450279236)
(0.37000000476837158, 0.35999998450279236)
(0.37000000476837158, 0.35999998450279236)
(0.37999999523162842, 0.37000000476837158)
(0.37999999523162842, 0.37000000476837158)
(0.37999999523162842, 0.37000000476837158)
(0.37999999523162842, 0.37000000476837158)
(0.37999999523162842, 0.37000000476837158)
(0.37000000476837158, 0.37000000476837158)
(0.37000000476837158, 0.37000000476837158)
(0.37000000476837158, 0.37000000476837158)
(0.37000000476837158, 0.37000000476837158)
(0.37999999523162842, 0.37000000476837158)
(0.37999999523162842, 0.37000000476837158)
(0.37999999523162842, 0.37000000476837158)
(0.37000000476837158, 0.38999998569488525)
(0.37000000476837158, 0.38999998569488525)
(0.37000000476837158, 0.38999998569488525)
(0.38999998569488525, 0.47999998927116394)
(0.38999998569488525, 0.47999998927116394)
(0.39999997615814209, 0.41999998688697815)
(0.39999997615814209, 0.41999998688697815)
(0.39999997615814209, 0.41999998688697815)
(0.41999998688697815, 1.0900000333786011)
(0.41999998688697815, 1.0900000333786011)
(1.5099999904632568, 1.0299999713897705)
(1.5099999904632568, 1.0299999713897705)
saying: Obstacle lost!
(1.6299999952316284, 1.0499999523162842)
(1.6299999952316284, 1.0499999523162842)
(1.6299999952316284, 1.0499999523162842)
(1.5699999332427979, 1.5299999713897705)
(1.5699999332427979, 1.5299999713897705)
(1.5699999332427979, 1.5299999713897705)
(1.4900000095367432, 1.0299999713897705)
(1.4900000095367432, 1.0299999713897705)
(1.4800000190734863, 1.0299999713897705)
(1.4800000190734863, 1.0299999713897705)
(1.4800000190734863, 1.0299999713897705)
(1.059999942779541, 0.52999997138977051)
(1.059999942779541, 0.52999997138977051)
(0.56999999284744263, 0.56999999284744263)
(0.56999999284744263, 0.56999999284744263)
(0.5899999737739563, 0.57999998331069946)
(0.5899999737739563, 0.57999998331069946)
(0.5899999737739563, 0.57999998331069946)
(0.61000001430511475, 1.0199999809265137)
(0.61000001430511475, 1.0199999809265137)
(1.4299999475479126, 0.61000001430511475)
(1.4299999475479126, 0.61000001430511475)
(1.4299999475479126, 0.61000001430511475)
(1.4699999094009399, 0.56999999284744263)
(1.4699999094009399, 0.56999999284744263)
(1.4699999094009399, 0.56999999284744263)
(0.56000000238418579, 0.52999997138977051)
(0.56000000238418579, 0.52999997138977051)
(0.56000000238418579, 0.52999997138977051)
(0.55000001192092896, 0.51999998092651367)
(0.55000001192092896, 0.51999998092651367)
(0.50999999046325684, 0.50999999046325684)
(0.50999999046325684, 0.50999999046325684)
(0.48999997973442078, 0.5)
(0.48999997973442078, 0.5)
(0.48999997973442078, 0.5)
(0.48999997973442078, 0.48999997973442078)
(0.48999997973442078, 0.48999997973442078)
(0.48999997973442078, 0.48999997973442078)
(0.48999997973442078, 0.48999997973442078)
(0.48999997973442078, 0.48999997973442078)
(0.48999997973442078, 0.47999998927116394)
(0.48999997973442078, 0.47999998927116394)
(0.47999998927116394, 0.47999998927116394)
(0.47999998927116394, 0.47999998927116394)
(0.47999998927116394, 0.47999998927116394)
(0.47999998927116394, 0.4699999988079071)
(0.47999998927116394, 0.4699999988079071)
(0.47999998927116394, 0.4699999988079071)
(0.47999998927116394, 0.4699999988079071)
(0.47999998927116394, 0.4699999988079071)
(0.4699999988079071, 0.4699999988079071)
(0.4699999988079071, 0.4699999988079071)
(0.47999998927116394, 0.45999997854232788)
(0.47999998927116394, 0.45999997854232788)
(0.47999998927116394, 0.45999997854232788)
(0.47999998927116394, 0.4699999988079071)
(0.47999998927116394, 0.4699999988079071)
(0.47999998927116394, 0.4699999988079071)
(0.47999998927116394, 0.4699999988079071)
(0.47999998927116394, 0.4699999988079071)
(0.47999998927116394, 0.4699999988079071)
(0.47999998927116394, 0.4699999988079071)
(0.47999998927116394, 0.45999997854232788)
(0.47999998927116394, 0.45999997854232788)
(0.47999998927116394, 0.45999997854232788)
(0.50999999046325684, 0.45999997854232788)
(0.50999999046325684, 0.45999997854232788)
(1.0299999713897705, 0.4699999988079071)
(1.0299999713897705, 0.4699999988079071)
(1.0299999713897705, 0.4699999988079071)
(1.0099999904632568, 0.4699999988079071)
(1.0099999904632568, 0.4699999988079071)
(0.4699999988079071, 0.4699999988079071)
(0.4699999988079071, 0.4699999988079071)
(0.4699999988079071, 0.4699999988079071)
(0.4699999988079071, 0.45999997854232788)
(0.4699999988079071, 0.45999997854232788)
(0.47999998927116394, 0.48999997973442078)
(0.47999998927116394, 0.48999997973442078)
(0.47999998927116394, 0.47999998927116394)
(0.47999998927116394, 0.47999998927116394)
(0.47999998927116394, 0.47999998927116394)
(0.47999998927116394, 0.59999996423721313)
(0.47999998927116394, 0.59999996423721313)
(0.47999998927116394, 0.59999996423721313)
(0.47999998927116394, 0.48999997973442078)
(0.47999998927116394, 0.48999997973442078)
(0.47999998927116394, 1.059999942779541)
(0.47999998927116394, 1.059999942779541)
(0.47999998927116394, 1.059999942779541)
(0.47999998927116394, 0.48999997973442078)
(0.47999998927116394, 0.48999997973442078)
(0.51999998092651367, 0.93000000715255737)
(0.51999998092651367, 0.93000000715255737)
(0.51999998092651367, 1.0199999809265137)
(0.51999998092651367, 1.0199999809265137)
(0.51999998092651367, 1.0199999809265137)
(0.4699999988079071, 0.47999998927116394)
(0.4699999988079071, 0.47999998927116394)
(0.4699999988079071, 0.47999998927116394)
(0.4699999988079071, 0.4699999988079071)
(0.4699999988079071, 0.4699999988079071)
(0.56999999284744263, 0.45999997854232788)
(0.56999999284744263, 0.45999997854232788)
(0.56999999284744263, 0.45999997854232788)
(0.55000001192092896, 0.4699999988079071)
(0.55000001192092896, 0.4699999988079071)
(0.4699999988079071, 0.45999997854232788)
(0.4699999988079071, 0.45999997854232788)
(0.4699999988079071, 0.45999997854232788)
(0.55000001192092896, 0.45999997854232788)
(0.55000001192092896, 0.45999997854232788)
(0.45999997854232788, 0.45999997854232788)
(0.45999997854232788, 0.45999997854232788)
(0.45999997854232788, 0.45999997854232788)
(0.45999997854232788, 0.45999997854232788)
(0.45999997854232788, 0.45999997854232788)
(0.45999997854232788, 0.45999997854232788)
(0.45999997854232788, 0.45999997854232788)
(0.45999997854232788, 0.45999997854232788)
(0.45999997854232788, 0.44999998807907104)
(0.45999997854232788, 0.44999998807907104)
(0.45999997854232788, 0.43999999761581421)
(0.45999997854232788, 0.43999999761581421)
(0.45999997854232788, 0.43999999761581421)
(0.90999996662139893, 0.44999998807907104)
(0.90999996662139893, 0.44999998807907104)
(0.44999998807907104, 0.44999998807907104)
(0.44999998807907104, 0.44999998807907104)
(0.44999998807907104, 0.44999998807907104)
(0.45999997854232788, 0.51999998092651367)
(0.45999997854232788, 0.51999998092651367)
(0.4699999988079071, 1.0099999904632568)
(0.4699999988079071, 1.0099999904632568)
(0.4699999988079071, 1.0099999904632568)
(0.4699999988079071, 0.4699999988079071)
(0.4699999988079071, 0.4699999988079071)
(0.4699999988079071, 0.45999997854232788)
(0.4699999988079071, 0.45999997854232788)
(0.44999998807907104, 0.45999997854232788)
(0.44999998807907104, 0.45999997854232788)
(0.44999998807907104, 0.45999997854232788)
(0.44999998807907104, 0.45999997854232788)
(0.44999998807907104, 0.45999997854232788)
(0.44999998807907104, 0.44999998807907104)
(0.44999998807907104, 0.44999998807907104)
(0.44999998807907104, 0.44999998807907104)
(0.44999998807907104, 1.0)
(0.44999998807907104, 1.0)
(0.44999998807907104, 1.0)
(0.43999999761581421, 0.42999997735023499)
(0.43999999761581421, 0.42999997735023499)
(1.4900000095367432, 0.4699999988079071)
(1.4900000095367432, 0.4699999988079071)
(1.4900000095367432, 0.4699999988079071)
(0.47999998927116394, 0.47999998927116394)
(0.47999998927116394, 0.47999998927116394)
(0.47999998927116394, 0.98999994993209839)
(0.47999998927116394, 0.98999994993209839)
(0.47999998927116394, 0.98999994993209839)
(0.4699999988079071, 0.51999998092651367)
(0.4699999988079071, 0.51999998092651367)
(0.45999997854232788, 0.4699999988079071)
(0.45999997854232788, 0.4699999988079071)
(0.45999997854232788, 0.4699999988079071)
(0.43999999761581421, 0.43999999761581421)
(0.43999999761581421, 0.43999999761581421)
(0.43999999761581421, 0.42999997735023499)
(0.43999999761581421, 0.42999997735023499)
(0.43999999761581421, 0.42999997735023499)
(0.44999998807907104, 0.42999997735023499)
(0.44999998807907104, 0.42999997735023499)
(0.42999997735023499, 0.43999999761581421)
(0.42999997735023499, 0.43999999761581421)
(0.41999998688697815, 0.42999997735023499)
(0.41999998688697815, 0.42999997735023499)
(0.41999998688697815, 0.42999997735023499)
(0.42999997735023499, 0.41999998688697815)
(0.42999997735023499, 0.41999998688697815)
(0.42999997735023499, 0.41999998688697815)
(0.42999997735023499, 0.42999997735023499)
(0.42999997735023499, 0.42999997735023499)
(0.42999997735023499, 0.44999998807907104)
(0.42999997735023499, 0.44999998807907104)
(0.42999997735023499, 0.44999998807907104)
(0.42999997735023499, 0.4699999988079071)
(0.42999997735023499, 0.4699999988079071)
(0.44999998807907104, 0.45999997854232788)
(0.44999998807907104, 0.45999997854232788)
(0.43999999761581421, 0.43999999761581421)
(0.43999999761581421, 0.43999999761581421)
(0.43999999761581421, 0.43999999761581421)
(0.43999999761581421, 0.43999999761581421)
(0.43999999761581421, 0.43999999761581421)
(0.43999999761581421, 0.43999999761581421)
(0.44999998807907104, 0.42999997735023499)
(0.44999998807907104, 0.42999997735023499)
(0.44999998807907104, 0.43999999761581421)
(0.44999998807907104, 0.43999999761581421)
(0.44999998807907104, 0.43999999761581421)
(0.45999997854232788, 0.44999998807907104)
(0.45999997854232788, 0.44999998807907104)
(0.44999998807907104, 0.45999997854232788)
(0.44999998807907104, 0.45999997854232788)
(0.44999998807907104, 0.44999998807907104)
(0.44999998807907104, 0.44999998807907104)
(0.44999998807907104, 0.44999998807907104)
(0.43999999761581421, 0.45999997854232788)
(0.43999999761581421, 0.45999997854232788)
(0.43999999761581421, 0.45999997854232788)
saying: Obstacle seen!
Sonar: SEEN obstacle (on left, distance of 0.390000)
(0.38999998569488525, 1.0499999523162842)
(0.40999999642372131, 1.0299999713897705)
(0.40999999642372131, 1.0299999713897705)
(0.40999999642372131, 1.0299999713897705)
(0.40999999642372131, 1.0299999713897705)
(1.3500000238418579, 1.059999942779541)
(1.3500000238418579, 1.059999942779541)
saying: Obstacle lost!
(1.6299999952316284, 1.0399999618530273)
(1.6299999952316284, 1.0399999618530273)
(1.7799999713897705, 1.0199999809265137)
(1.7799999713897705, 1.0199999809265137)
(1.7799999713897705, 1.0199999809265137)
(1.4699999094009399, 1.6299999952316284)
(1.4699999094009399, 1.6299999952316284)
(1.4699999094009399, 1.6299999952316284)
(1.4800000190734863, 1.0399999618530273)
(1.4800000190734863, 1.0399999618530273)
(1.5299999713897705, 1.0099999904632568)
(1.5299999713897705, 1.0099999904632568)
(1.5299999713897705, 1.0099999904632568)
(1.4599999189376831, 1.0399999618530273)
(1.4599999189376831, 1.0399999618530273)
(1.4199999570846558, 1.0299999713897705)
(1.4199999570846558, 1.0299999713897705)
(1.4499999284744263, 1.0499999523162842)
(1.4499999284744263, 1.0499999523162842)
(1.4499999284744263, 1.0499999523162842)
(1.4800000190734863, 1.0399999618530273)
(1.4800000190734863, 1.0399999618530273)
(1.4800000190734863, 1.0399999618530273)
(1.0199999809265137, 1.0499999523162842)
(1.0199999809265137, 1.0499999523162842)
(1.4499999284744263, 1.0499999523162842)
(1.4499999284744263, 1.0499999523162842)
(1.4499999284744263, 1.0499999523162842)
(1.5199999809265137, 1.0499999523162842)
(1.5199999809265137, 1.0499999523162842)
(1.5099999904632568, 1.0199999809265137)
(1.5099999904632568, 1.0199999809265137)
(1.5099999904632568, 1.0199999809265137)
(1.4699999094009399, 1.0499999523162842)
(1.4699999094009399, 1.0499999523162842)
(1.4699999094009399, 1.0499999523162842)
(1.4699999094009399, 1.0499999523162842)
(1.4599999189376831, 1.059999942779541)
(1.4599999189376831, 1.059999942779541)
(1.4599999189376831, 1.059999942779541)
(1.5, 1.0399999618530273)
(1.5, 1.0399999618530273)
(1.5, 1.0399999618530273)
(1.5099999904632568, 1.0399999618530273)
(1.5099999904632568, 1.0399999618530273)
(1.2099999189376831, 1.0299999713897705)
(1.2099999189376831, 1.0299999713897705)
(1.2099999189376831, 1.0299999713897705)
(1.5299999713897705, 1.0299999713897705)
(1.5299999713897705, 1.0299999713897705)
(1.4800000190734863, 1.059999942779541)
(1.4800000190734863, 1.059999942779541)
(1.4900000095367432, 1.0499999523162842)
(1.4900000095367432, 1.0499999523162842)
(1.4900000095367432, 1.0499999523162842)
(1.4499999284744263, 1.0199999809265137)
(1.4499999284744263, 1.0199999809265137)
(1.4499999284744263, 1.0199999809265137)
(1.4199999570846558, 1.0399999618530273)
(1.4199999570846558, 1.0399999618530273)
(1.5299999713897705, 1.0499999523162842)
(1.5299999713897705, 1.0499999523162842)
(1.5299999713897705, 1.0499999523162842)
(1.4900000095367432, 1.0299999713897705)
(1.4900000095367432, 1.0299999713897705)
(1.4399999380111694, 1.0099999904632568)
(1.4399999380111694, 1.0099999904632568)
(1.5099999904632568, 1.0399999618530273)
(1.5099999904632568, 1.0399999618530273)
(1.5099999904632568, 1.0399999618530273)
(1.4299999475479126, 1.0499999523162842)
(1.4299999475479126, 1.0499999523162842)
(1.4299999475479126, 1.0499999523162842)
(1.4399999380111694, 1.0499999523162842)
(1.4399999380111694, 1.0499999523162842)
(1.5, 1.0299999713897705)
(1.5, 1.0299999713897705)
(1.5, 1.0299999713897705)
(1.7199999094009399, 1.0399999618530273)
(1.7199999094009399, 1.0399999618530273)
(1.6499999761581421, 1.1100000143051147)
(1.6499999761581421, 1.1100000143051147)
(0.4699999988079071, 0.5)
(0.4699999988079071, 0.5)
(0.4699999988079071, 0.5)
(0.43999999761581421, 0.43999999761581421)
(0.43999999761581421, 0.43999999761581421)
(0.43999999761581421, 0.43999999761581421)
(0.45999997854232788, 0.45999997854232788)
(0.45999997854232788, 0.45999997854232788)
(0.44999998807907104, 0.43999999761581421)
(0.44999998807907104, 0.43999999761581421)
(0.44999998807907104, 0.43999999761581421)
(0.45999997854232788, 0.44999998807907104)
(0.45999997854232788, 0.44999998807907104)
(0.43999999761581421, 0.43999999761581421)
(0.43999999761581421, 0.43999999761581421)
(0.43999999761581421, 0.43999999761581421)
(0.43999999761581421, 0.45999997854232788)
(0.43999999761581421, 0.45999997854232788)
(0.45999997854232788, 0.44999998807907104)
(0.45999997854232788, 0.44999998807907104)
(0.43999999761581421, 0.44999998807907104)
(0.43999999761581421, 0.44999998807907104)
(0.43999999761581421, 0.44999998807907104)
(0.45999997854232788, 0.43999999761581421)
(0.45999997854232788, 0.43999999761581421)
(0.45999997854232788, 0.43999999761581421)
(0.4699999988079071, 0.44999998807907104)
(0.4699999988079071, 0.44999998807907104)
(0.43999999761581421, 0.44999998807907104)
(0.43999999761581421, 0.44999998807907104)
(0.44999998807907104, 0.47999998927116394)
(0.44999998807907104, 0.47999998927116394)
(0.44999998807907104, 0.47999998927116394)
(0.4699999988079071, 0.50999999046325684)
(0.4699999988079071, 0.50999999046325684)
(0.4699999988079071, 0.50999999046325684)
(1.6499999761581421, 0.45999997854232788)
(1.6499999761581421, 0.45999997854232788)
(0.43999999761581421, 0.44999998807907104)
(0.43999999761581421, 0.44999998807907104)
(0.43999999761581421, 0.44999998807907104)
(0.43999999761581421, 0.44999998807907104)
(0.43999999761581421, 0.44999998807907104)
(0.43999999761581421, 0.45999997854232788)
(0.43999999761581421, 0.45999997854232788)
(0.43999999761581421, 0.45999997854232788)
(0.44999998807907104, 0.44999998807907104)
(0.44999998807907104, 0.44999998807907104)
(0.42999997735023499, 0.42999997735023499)
(0.42999997735023499, 0.42999997735023499)
(0.41999998688697815, 0.42999997735023499)
(0.41999998688697815, 0.42999997735023499)
(0.41999998688697815, 0.42999997735023499)
(0.41999998688697815, 0.42999997735023499)
(0.41999998688697815, 0.42999997735023499)
(0.41999998688697815, 0.42999997735023499)
(0.41999998688697815, 0.43999999761581421)
(0.41999998688697815, 0.43999999761581421)
(0.41999998688697815, 0.45999997854232788)
(0.41999998688697815, 0.45999997854232788)
(0.41999998688697815, 0.45999997854232788)
(0.40999999642372131, 0.40999999642372131)
(0.40999999642372131, 0.40999999642372131)
saying: Obstacle seen!
Sonar: SEEN obstacle (on center, distance of 0.400000)
(0.39999997615814209, 0.42999997735023499)
(0.39999997615814209, 0.42999997735023499)
(0.39999997615814209, 0.42999997735023499)
(0.40999999642372131, 0.42999997735023499)
(0.40999999642372131, 0.42999997735023499)
(0.39999997615814209, 0.42999997735023499)
(0.39999997615814209, 0.42999997735023499)
(0.39999997615814209, 0.41999998688697815)
(0.39999997615814209, 0.41999998688697815)
(0.39999997615814209, 0.41999998688697815)
(0.40999999642372131, 0.42999997735023499)
(0.40999999642372131, 0.42999997735023499)
(0.40999999642372131, 0.42999997735023499)
(0.40999999642372131, 0.41999998688697815)
(0.40999999642372131, 0.41999998688697815)
saying: Obstacle lost!
(0.40999999642372131, 0.42999997735023499)
(0.40999999642372131, 0.42999997735023499)
(0.40999999642372131, 0.42999997735023499)
(0.41999998688697815, 0.43999999761581421)
(0.41999998688697815, 0.43999999761581421)
(0.41999998688697815, 0.42999997735023499)
(0.41999998688697815, 0.42999997735023499)
(0.42999997735023499, 0.43999999761581421)
(0.42999997735023499, 0.43999999761581421)
(0.42999997735023499, 0.43999999761581421)
(0.42999997735023499, 0.43999999761581421)
(0.42999997735023499, 0.43999999761581421)
(0.42999997735023499, 0.42999997735023499)
(0.42999997735023499, 0.42999997735023499)
(0.42999997735023499, 0.42999997735023499)
(0.42999997735023499, 0.44999998807907104)
(0.42999997735023499, 0.44999998807907104)
(0.42999997735023499, 0.44999998807907104)
(0.44999998807907104, 0.43999999761581421)
(0.44999998807907104, 0.43999999761581421)
(0.44999998807907104, 0.43999999761581421)
(0.44999998807907104, 0.43999999761581421)
(0.44999998807907104, 0.43999999761581421)
(0.44999998807907104, 0.43999999761581421)
(0.44999998807907104, 0.43999999761581421)
(0.47999998927116394, 0.43999999761581421)
(0.47999998927116394, 0.43999999761581421)
(0.47999998927116394, 0.43999999761581421)
(1.6899999380111694, 0.42999997735023499)
(1.6899999380111694, 0.42999997735023499)
(0.4699999988079071, 0.42999997735023499)
(0.4699999988079071, 0.42999997735023499)
(0.4699999988079071, 0.42999997735023499)
(0.43999999761581421, 0.44999998807907104)
(0.43999999761581421, 0.44999998807907104)
(0.43999999761581421, 0.42999997735023499)
(0.43999999761581421, 0.42999997735023499)
(0.43999999761581421, 0.42999997735023499)
(0.43999999761581421, 0.4699999988079071)
(0.43999999761581421, 0.4699999988079071)
(0.42999997735023499, 0.41999998688697815)
(0.42999997735023499, 0.41999998688697815)
(0.42999997735023499, 0.41999998688697815)
(0.42999997735023499, 0.41999998688697815)
(0.42999997735023499, 0.41999998688697815)
(0.41999998688697815, 0.42999997735023499)
(0.41999998688697815, 0.42999997735023499)
(0.41999998688697815, 0.42999997735023499)
(0.40999999642372131, 0.40999999642372131)
(0.40999999642372131, 0.40999999642372131)
(0.42999997735023499, 0.40999999642372131)
(0.42999997735023499, 0.40999999642372131)
(0.41999998688697815, 0.90999996662139893)
(0.41999998688697815, 0.90999996662139893)
(0.41999998688697815, 0.90999996662139893)
(0.41999998688697815, 0.90999996662139893)
(0.41999998688697815, 0.4699999988079071)
(0.41999998688697815, 0.4699999988079071)
(0.42999997735023499, 0.41999998688697815)
(0.42999997735023499, 0.41999998688697815)
(0.42999997735023499, 0.40999999642372131)
(0.42999997735023499, 0.40999999642372131)
(0.42999997735023499, 0.40999999642372131)
(0.41999998688697815, 0.40999999642372131)
(0.41999998688697815, 0.40999999642372131)
(0.41999998688697815, 0.41999998688697815)
(0.41999998688697815, 0.41999998688697815)
(0.41999998688697815, 0.41999998688697815)
(0.40999999642372131, 0.42999997735023499)
(0.40999999642372131, 0.42999997735023499)
(0.41999998688697815, 0.41999998688697815)
(0.41999998688697815, 0.41999998688697815)
(0.42999997735023499, 0.42999997735023499)
(0.42999997735023499, 0.42999997735023499)
(0.42999997735023499, 0.42999997735023499)
(0.43999999761581421, 0.43999999761581421)
(0.43999999761581421, 0.43999999761581421)
(0.43999999761581421, 0.43999999761581421)
(0.41999998688697815, 0.42999997735023499)
(0.41999998688697815, 0.42999997735023499)
(0.44999998807907104, 0.41999998688697815)
(0.44999998807907104, 0.41999998688697815)
(0.44999998807907104, 0.41999998688697815)
(0.44999998807907104, 0.41999998688697815)
(0.44999998807907104, 0.41999998688697815)
(0.44999998807907104, 0.41999998688697815)
(0.44999998807907104, 0.41999998688697815)
(0.41999998688697815, 0.41999998688697815)
(0.41999998688697815, 0.41999998688697815)
(0.41999998688697815, 0.41999998688697815)
(0.42999997735023499, 0.42999997735023499)
(0.42999997735023499, 0.42999997735023499)
(0.42999997735023499, 0.42999997735023499)
(0.45999997854232788, 0.43999999761581421)
(0.45999997854232788, 0.43999999761581421)
(0.42999997735023499, 0.87999999523162842)
(0.42999997735023499, 0.87999999523162842)
(0.42999997735023499, 0.87999999523162842)
(0.44999998807907104, 0.42999997735023499)
(0.44999998807907104, 0.42999997735023499)
(0.43999999761581421, 0.45999997854232788)
(0.43999999761581421, 0.45999997854232788)
(0.44999998807907104, 0.88999998569488525)
(0.44999998807907104, 0.88999998569488525)
(0.44999998807907104, 0.88999998569488525)
(0.42999997735023499, 0.43999999761581421)
(0.42999997735023499, 0.43999999761581421)
(0.42999997735023499, 0.43999999761581421)
(0.44999998807907104, 0.43999999761581421)
(0.44999998807907104, 0.43999999761581421)
(0.44999998807907104, 0.45999997854232788)
(0.44999998807907104, 0.45999997854232788)
(0.44999998807907104, 0.45999997854232788)
(0.44999998807907104, 0.44999998807907104)
(0.44999998807907104, 0.44999998807907104)
(0.44999998807907104, 0.44999998807907104)
(0.44999998807907104, 0.44999998807907104)
(0.44999998807907104, 0.44999998807907104)
(0.44999998807907104, 0.44999998807907104)
(0.44999998807907104, 0.44999998807907104)
(0.44999998807907104, 0.45999997854232788)
(0.44999998807907104, 0.45999997854232788)
(0.44999998807907104, 0.45999997854232788)
(0.45999997854232788, 0.45999997854232788)
(0.45999997854232788, 0.45999997854232788)
(0.47999998927116394, 0.43999999761581421)
(0.47999998927116394, 0.43999999761581421)
(0.47999998927116394, 0.43999999761581421)
(0.47999998927116394, 0.43999999761581421)
(0.47999998927116394, 0.43999999761581421)
(0.4699999988079071, 0.44999998807907104)
(0.4699999988079071, 0.44999998807907104)
(0.44999998807907104, 0.43999999761581421)
(0.44999998807907104, 0.43999999761581421)
(0.44999998807907104, 0.43999999761581421)
(0.45999997854232788, 0.45999997854232788)
(0.45999997854232788, 0.45999997854232788)
(0.44999998807907104, 0.45999997854232788)
(0.44999998807907104, 0.45999997854232788)
(0.44999998807907104, 0.45999997854232788)
(0.44999998807907104, 0.89999997615814209)
(0.44999998807907104, 0.89999997615814209)
(0.44999998807907104, 0.89999997615814209)
(0.4699999988079071, 0.47999998927116394)
(0.4699999988079071, 0.47999998927116394)
(0.45999997854232788, 0.47999998927116394)
(0.45999997854232788, 0.47999998927116394)
(0.45999997854232788, 0.47999998927116394)
(0.44999998807907104, 0.45999997854232788)
(0.44999998807907104, 0.45999997854232788)
(0.44999998807907104, 0.45999997854232788)
(0.4699999988079071, 0.42999997735023499)
(0.41999998688697815, 1.0799999237060547)
(0.41999998688697815, 1.0799999237060547)
(0.41999998688697815, 1.0799999237060547)
(0.70999997854232788, 1.0)
(0.70999997854232788, 1.0)
(0.70999997854232788, 1.0)
(1.559999942779541, 1.0399999618530273)
(1.559999942779541, 1.0399999618530273)
(0.68999999761581421, 1.0499999523162842)
(0.68999999761581421, 1.0499999523162842)
(0.68999999761581421, 1.0499999523162842)
(1.5699999332427979, 1.0399999618530273)
(1.5699999332427979, 1.0399999618530273)
(1.6499999761581421, 1.0399999618530273)
(1.6499999761581421, 1.0399999618530273)
(1.6499999761581421, 1.0399999618530273)
(1.5, 1.0399999618530273)
(1.5, 1.0399999618530273)
(1.1200000047683716, 1.059999942779541)
(1.1200000047683716, 1.059999942779541)
(1.1200000047683716, 1.059999942779541)
(1.0299999713897705, 1.0399999618530273)
(1.0299999713897705, 1.0399999618530273)
(1.7300000190734863, 1.0399999618530273)
(1.7300000190734863, 1.0399999618530273)
(1.7300000190734863, 1.0399999618530273)
(1.1499999761581421, 1.6200000047683716)
(1.1499999761581421, 1.6200000047683716)
(1.4599999189376831, 1.0499999523162842)
(1.4599999189376831, 1.0499999523162842)
(1.4299999475479126, 1.0399999618530273)
(1.4299999475479126, 1.0399999618530273)
(1.4299999475479126, 1.0399999618530273)
(1.6899999380111694, 1.7199999094009399)
(1.6899999380111694, 1.7199999094009399)
(1.6899999380111694, 1.7199999094009399)
(1.4900000095367432, 1.0299999713897705)
(1.4900000095367432, 1.0299999713897705)
(1.5099999904632568, 1.059999942779541)
(1.5099999904632568, 1.059999942779541)
(1.5099999904632568, 1.059999942779541)
(1.5899999141693115, 1.0399999618530273)
(1.5899999141693115, 1.0399999618530273)
(1.4599999189376831, 1.059999942779541)
(1.4599999189376831, 1.059999942779541)
(1.4699999094009399, 1.0399999618530273)
(1.4699999094009399, 1.0399999618530273)
(1.4699999094009399, 1.0399999618530273)
(1.4699999094009399, 1.0399999618530273)
(1.4699999094009399, 1.0399999618530273)
(1.4699999094009399, 1.0399999618530273)
(1.5099999904632568, 1.0499999523162842)
(1.5099999904632568, 1.0499999523162842)
(1.5, 1.0299999713897705)
(1.5, 1.0299999713897705)
(1.5, 1.0299999713897705)
(1.4900000095367432, 1.0499999523162842)
(1.4900000095367432, 1.0499999523162842)
(1.4699999094009399, 1.059999942779541)
(1.4699999094009399, 1.059999942779541)
(1.4699999094009399, 1.059999942779541)
(1.4800000190734863, 1.059999942779541)
(1.4800000190734863, 1.059999942779541)
(1.4900000095367432, 1.0399999618530273)
(1.4900000095367432, 1.0399999618530273)
(1.4900000095367432, 1.0399999618530273)
(1.5199999809265137, 1.0399999618530273)
(1.5199999809265137, 1.0399999618530273)
(1.5299999713897705, 0.98999994993209839)
(1.5299999713897705, 0.98999994993209839)
(1.5299999713897705, 0.98999994993209839)
(1.6299999952316284, 1.0499999523162842)
(1.6299999952316284, 1.0499999523162842)
(1.5999999046325684, 1.059999942779541)
(1.5999999046325684, 1.059999942779541)
(1.4599999189376831, 1.059999942779541)
(1.4599999189376831, 1.059999942779541)
(1.4599999189376831, 1.059999942779541)
(1.6699999570846558, 1.059999942779541)
(1.6699999570846558, 1.059999942779541)
(1.6699999570846558, 1.059999942779541)
(1.5199999809265137, 1.059999942779541)
(1.5199999809265137, 1.059999942779541)
(1.4199999570846558, 1.0499999523162842)
(1.4199999570846558, 1.0499999523162842)
(1.4199999570846558, 1.0499999523162842)
(1.4800000190734863, 1.0499999523162842)
(1.4800000190734863, 1.0499999523162842)
(1.4800000190734863, 1.0499999523162842)
(1.4800000190734863, 1.0499999523162842)
(1.4800000190734863, 1.0699999332427979)
(1.4800000190734863, 1.0699999332427979)
(1.4800000190734863, 1.0699999332427979)
(1.4599999189376831, 1.059999942779541)
(1.4599999189376831, 1.059999942779541)
(1.4599999189376831, 1.059999942779541)
(1.5499999523162842, 1.059999942779541)
(1.5499999523162842, 1.059999942779541)
(1.4399999380111694, 