(1.5699999332427979, 1.5699999332427979)
(1.5699999332427979, 1.5699999332427979)
(1.5699999332427979, 1.5699999332427979)
(1.5699999332427979, 1.5699999332427979)
(1.5699999332427979, 1.5699999332427979)
(1.5699999332427979, 1.5699999332427979)
(1.5699999332427979, 1.5699999332427979)
(1.5699999332427979, 1.5699999332427979)
(1.6499999761581421, 0.44999998807907104)
(1.6499999761581421, 0.44999998807907104)
(1.6499999761581421, 0.44999998807907104)
(1.6499999761581421, 0.44999998807907104)
(1.6499999761581421, 0.44999998807907104)
(1.6699999570846558, 0.45999997854232788)
(1.6699999570846558, 0.45999997854232788)
(1.6699999570846558, 0.45999997854232788)
(1.6699999570846558, 0.45999997854232788)
(1.6699999570846558, 0.45999997854232788)
(1.7199999094009399, 1.4599999189376831)
(1.7199999094009399, 1.4599999189376831)
(1.7199999094009399, 1.4599999189376831)
(1.7199999094009399, 1.4599999189376831)
(1.7199999094009399, 1.4599999189376831)
saying: Obstacle seen!
Sonar: SEEN obstacle (on right, distance of 0.230000)
(1.6399999856948853, 0.22999998927116394)
(1.6399999856948853, 0.22999998927116394)
(1.6399999856948853, 0.22999998927116394)
(1.6399999856948853, 0.22999998927116394)
(1.6399999856948853, 0.22999998927116394)
(1.7199999094009399, 0.22999998927116394)
(1.7199999094009399, 0.22999998927116394)
(1.7199999094009399, 0.22999998927116394)
(1.7199999094009399, 0.22999998927116394)
(1.7199999094009399, 0.22999998927116394)
(1.6699999570846558, 0.23999999463558197)
(1.6699999570846558, 0.23999999463558197)
(1.6699999570846558, 0.23999999463558197)
(1.6699999570846558, 0.23999999463558197)
(1.6699999570846558, 0.23999999463558197)
(1.5, 0.22999998927116394)
(1.5, 0.22999998927116394)
(1.5, 0.22999998927116394)
(1.5, 0.22999998927116394)
(1.5, 0.22999998927116394)
(1.6899999380111694, 0.25)
(1.6899999380111694, 0.25)
(1.6899999380111694, 0.25)
(1.6899999380111694, 0.25)
(1.6899999380111694, 0.25)
(1.7899999618530273, 0.2800000011920929)
(1.7899999618530273, 0.2800000011920929)
(1.7899999618530273, 0.2800000011920929)
(1.7899999618530273, 0.2800000011920929)
(1.7899999618530273, 0.2800000011920929)
(1.6499999761581421, 0.42999997735023499)
(1.6499999761581421, 0.42999997735023499)
(1.6499999761581421, 0.42999997735023499)
(1.6499999761581421, 0.42999997735023499)
(1.6499999761581421, 0.42999997735023499)
(1.7599999904632568, 0.40999999642372131)
(1.7599999904632568, 0.40999999642372131)
(1.7599999904632568, 0.40999999642372131)
(1.7599999904632568, 0.40999999642372131)
(1.7599999904632568, 0.40999999642372131)
saying: Obstacle lost!
(1.7599999904632568, 0.42999997735023499)
(1.7599999904632568, 0.42999997735023499)
(1.7599999904632568, 0.42999997735023499)
(1.7599999904632568, 0.42999997735023499)
(1.7599999904632568, 0.42999997735023499)
(1.7599999904632568, 0.42999997735023499)
(1.7599999904632568, 0.42999997735023499)
(1.7599999904632568, 0.42999997735023499)
(1.7599999904632568, 0.42999997735023499)
(1.7599999904632568, 0.42999997735023499)
(1.7099999189376831, 0.45999997854232788)
(1.7099999189376831, 0.45999997854232788)
(1.7099999189376831, 0.45999997854232788)
(1.7099999189376831, 0.45999997854232788)
(1.7099999189376831, 0.45999997854232788)
(1.5499999523162842, 1.5699999332427979)
(1.5499999523162842, 1.5699999332427979)
(1.5499999523162842, 1.5699999332427979)
(1.5499999523162842, 1.5699999332427979)
(1.5499999523162842, 1.5699999332427979)
(1.6399999856948853, 1.5899999141693115)
(1.6399999856948853, 1.5899999141693115)
(1.6399999856948853, 1.5899999141693115)
(1.6399999856948853, 1.5899999141693115)
(1.6399999856948853, 1.5899999141693115)
(1.6999999284744263, 1.75)
(1.6999999284744263, 1.75)
(1.6999999284744263, 1.75)
(1.6999999284744263, 1.75)
(1.6999999284744263, 1.75)
(1.7400000095367432, 1.6599999666213989)
(1.7400000095367432, 1.6599999666213989)
(1.7400000095367432, 1.6599999666213989)
(1.7400000095367432, 1.6599999666213989)
(1.7400000095367432, 1.6599999666213989)
(1.7599999904632568, 1.7599999904632568)
(1.7599999904632568, 1.7599999904632568)
(1.7599999904632568, 1.7599999904632568)
(1.7599999904632568, 1.7599999904632568)
(1.7599999904632568, 1.7599999904632568)
(1.7300000190734863, 1.6499999761581421)
(1.7300000190734863, 1.6499999761581421)
(1.7300000190734863, 1.6499999761581421)
(1.7300000190734863, 1.6499999761581421)
(1.7300000190734863, 1.6499999761581421)
(1.7300000190734863, 1.6499999761581421)
(1.6799999475479126, 1.6599999666213989)
(1.6799999475479126, 1.6599999666213989)
(1.6799999475479126, 1.6599999666213989)
(1.6799999475479126, 1.6599999666213989)
(1.6399999856948853, 1.5799999237060547)
(1.6399999856948853, 1.5799999237060547)
(1.6399999856948853, 1.5799999237060547)
(1.6399999856948853, 1.5799999237060547)
(1.6399999856948853, 1.5799999237060547)
(1.7999999523162842, 1.5)
(1.7999999523162842, 1.5)
(1.7999999523162842, 1.5)
(1.7999999523162842, 1.5)
(1.7999999523162842, 1.5)
(1.7300000190734863, 1.7099999189376831)
(1.7300000190734863, 1.7099999189376831)
(1.7300000190734863, 1.7099999189376831)
(1.7300000190734863, 1.7099999189376831)
(1.7300000190734863, 1.7099999189376831)
(1.6499999761581421, 1.4399999380111694)
(1.6499999761581421, 1.4399999380111694)
(1.6499999761581421, 1.4399999380111694)
(1.6499999761581421, 1.4399999380111694)
(1.6499999761581421, 1.4399999380111694)
(1.6699999570846558, 1.7599999904632568)
(1.6699999570846558, 1.7599999904632568)
(1.6699999570846558, 1.7599999904632568)
(1.6699999570846558, 1.7599999904632568)
(1.6699999570846558, 1.7599999904632568)
(1.6699999570846558, 1.7599999904632568)
(1.6599999666213989, 1.7199999094009399)
(1.6599999666213989, 1.7199999094009399)
(1.6599999666213989, 1.7199999094009399)
(1.6599999666213989, 1.7199999094009399)
(1.559999942779541, 1.5899999141693115)
(1.559999942779541, 1.5899999141693115)
(1.559999942779541, 1.5899999141693115)
(1.559999942779541, 1.5899999141693115)
(1.559999942779541, 1.5899999141693115)
(1.7300000190734863, 1.6200000047683716)
(1.7300000190734863, 1.6200000047683716)
(1.7300000190734863, 1.6200000047683716)
(1.7300000190734863, 1.6200000047683716)
(1.7300000190734863, 1.6200000047683716)
(1.7300000190734863, 1.6200000047683716)
(1.5899999141693115, 1.4099999666213989)
(1.5899999141693115, 1.4099999666213989)
(1.5899999141693115, 1.4099999666213989)
(1.5899999141693115, 1.4099999666213989)
(1.6599999666213989, 1.7400000095367432)
(1.6599999666213989, 1.7400000095367432)
(1.6599999666213989, 1.7400000095367432)
(1.6599999666213989, 1.7400000095367432)
(1.6599999666213989, 1.7400000095367432)
(1.6100000143051147, 1.6599999666213989)
(1.6100000143051147, 1.6599999666213989)
(1.6100000143051147, 1.6599999666213989)
(1.6100000143051147, 1.6599999666213989)
(1.6100000143051147, 1.6599999666213989)
(1.6399999856948853, 1.7999999523162842)
(1.6399999856948853, 1.7999999523162842)
(1.6399999856948853, 1.7999999523162842)
(1.6399999856948853, 1.7999999523162842)
(1.6399999856948853, 1.7999999523162842)
(1.7300000190734863, 1.6899999380111694)
(1.7300000190734863, 1.6899999380111694)
(1.7300000190734863, 1.6899999380111694)
(1.7300000190734863, 1.6899999380111694)
(1.7300000190734863, 1.6899999380111694)
(2.5499999523162842, 1.7899999618530273)
(2.5499999523162842, 1.7899999618530273)
(2.5499999523162842, 1.7899999618530273)
(2.5499999523162842, 1.7899999618530273)
(2.5499999523162842, 1.7899999618530273)
(1.6999999284744263, 1.6499999761581421)
(1.6999999284744263, 1.6499999761581421)
(1.6999999284744263, 1.6499999761581421)
(1.6999999284744263, 1.6499999761581421)
(1.6999999284744263, 1.6499999761581421)
(1.7199999094009399, 1.7099999189376831)
(1.7199999094009399, 1.7099999189376831)
(1.7199999094009399, 1.7099999189376831)
(1.7199999094009399, 1.7099999189376831)
(1.7199999094009399, 1.7099999189376831)
(1.5799999237060547, 1.5999999046325684)
(1.5799999237060547, 1.5999999046325684)
(1.5799999237060547, 1.5999999046325684)
(1.5799999237060547, 1.5999999046325684)
(1.5799999237060547, 1.5999999046325684)
(1.6799999475479126, 1.7300000190734863)
(1.6799999475479126, 1.7300000190734863)
(1.6799999475479126, 1.7300000190734863)
(1.6799999475479126, 1.7300000190734863)
(1.6799999475479126, 1.7300000190734863)
(1.809999942779541, 1.6599999666213989)
(1.809999942779541, 1.6599999666213989)
(1.809999942779541, 1.6599999666213989)
(1.809999942779541, 1.6599999666213989)
(1.809999942779541, 1.6599999666213989)
(1.7999999523162842, 1.6999999284744263)
(1.7999999523162842, 1.6999999284744263)
(1.7999999523162842, 1.6999999284744263)
(1.7999999523162842, 1.6999999284744263)
(1.7999999523162842, 1.6999999284744263)
(1.6799999475479126, 1.3999999761581421)
(1.6799999475479126, 1.3999999761581421)
(1.6799999475479126, 1.3999999761581421)
(1.6799999475479126, 1.3999999761581421)
(1.6799999475479126, 1.3999999761581421)
(1.6699999570846558, 1.6799999475479126)
(1.6699999570846558, 1.6799999475479126)
(1.6699999570846558, 1.6799999475479126)
(1.6699999570846558, 1.6799999475479126)
(1.6699999570846558, 1.6799999475479126)
(1.7699999809265137, 2.5499999523162842)
(1.7699999809265137, 2.5499999523162842)
(1.7699999809265137, 2.5499999523162842)
(1.7699999809265137, 2.5499999523162842)
(1.7699999809265137, 2.5499999523162842)
(1.6399999856948853, 1.7799999713897705)
(1.6399999856948853, 1.7799999713897705)
(1.6399999856948853, 1.7799999713897705)
(1.6399999856948853, 1.7799999713897705)
(1.6399999856948853, 1.7799999713897705)
(1.6499999761581421, 1.7899999618530273)
(1.6499999761581421, 1.7899999618530273)
(1.6499999761581421, 1.7899999618530273)
(1.6499999761581421, 1.7899999618530273)
(1.6499999761581421, 1.7899999618530273)
(1.5999999046325684, 1.6699999570846558)
(1.5999999046325684, 1.6699999570846558)
(1.5999999046325684, 1.6699999570846558)
(1.5999999046325684, 1.6699999570846558)
(1.5999999046325684, 1.6699999570846558)
(1.7400000095367432, 1.8199999332427979)
(1.7400000095367432, 1.8199999332427979)
(1.7400000095367432, 1.8199999332427979)
(1.7400000095367432, 1.8199999332427979)
(1.7400000095367432, 1.8199999332427979)
(1.6699999570846558, 1.6799999475479126)
(1.6699999570846558, 1.6799999475479126)
(1.6699999570846558, 1.6799999475479126)
(1.6699999570846558, 1.6799999475479126)
(1.6699999570846558, 1.6799999475479126)
(1.6200000047683716, 1.5299999713897705)
(1.6200000047683716, 1.5299999713897705)
(1.6200000047683716, 1.5299999713897705)
(1.6200000047683716, 1.5299999713897705)
(1.6200000047683716, 1.5299999713897705)
(1.6499999761581421, 1.7400000095367432)
(1.6499999761581421, 1.7400000095367432)
(1.6499999761581421, 1.7400000095367432)
(1.6499999761581421, 1.7400000095367432)
(1.6499999761581421, 1.7400000095367432)
(1.6499999761581421, 1.7899999618530273)
(1.6499999761581421, 1.7899999618530273)
(1.6499999761581421, 1.7899999618530273)
(1.6499999761581421, 1.7899999618530273)
(1.6499999761581421, 1.7899999618530273)
(1.7400000095367432, 1.7799999713897705)
(1.7400000095367432, 1.7799999713897705)
(1.7400000095367432, 1.7799999713897705)
(1.7400000095367432, 1.7799999713897705)
(1.7400000095367432, 1.7799999713897705)
(1.6200000047683716, 1.5699999332427979)
(1.6200000047683716, 1.5699999332427979)
(1.6200000047683716, 1.5699999332427979)
(1.6200000047683716, 1.5699999332427979)
(1.6200000047683716, 1.5699999332427979)
(1.809999942779541, 1.7799999713897705)
(1.809999942779541, 1.7799999713897705)
(1.809999942779541, 1.7799999713897705)
(1.809999942779541, 1.7799999713897705)
(1.809999942779541, 1.7799999713897705)
(1.6100000143051147, 1.4199999570846558)
(1.6100000143051147, 1.4199999570846558)
(1.6100000143051147, 1.4199999570846558)
(1.6100000143051147, 1.4199999570846558)
(1.6100000143051147, 1.4199999570846558)
(1.75, 1.7199999094009399)
(1.75, 1.7199999094009399)
(1.75, 1.7199999094009399)
(1.75, 1.7199999094009399)
(1.75, 1.7199999094009399)
(1.7799999713897705, 2.5499999523162842)
(1.7799999713897705, 2.5499999523162842)
(1.7799999713897705, 2.5499999523162842)
(1.7799999713897705, 2.5499999523162842)
(1.7799999713897705, 2.5499999523162842)
(2.5499999523162842, 2.5499999523162842)
(2.5499999523162842, 2.5499999523162842)
(2.5499999523162842, 2.5499999523162842)
(2.5499999523162842, 2.5499999523162842)
(2.5499999523162842, 2.5499999523162842)
(1.7899999618530273, 1.6899999380111694)
(1.7899999618530273, 1.6899999380111694)
(1.7899999618530273, 1.6899999380111694)
(1.7899999618530273, 1.6899999380111694)
(1.7899999618530273, 1.6899999380111694)
(1.7699999809265137, 1.6999999284744263)
(1.7699999809265137, 1.6999999284744263)
(1.7699999809265137, 1.6999999284744263)
(1.7699999809265137, 1.6999999284744263)
(1.7699999809265137, 1.6999999284744263)
(1.6599999666213989, 1.6899999380111694)
(1.6599999666213989, 1.6899999380111694)
(1.6599999666213989, 1.6899999380111694)
(1.6599999666213989, 1.6899999380111694)
(1.6599999666213989, 1.6899999380111694)
(1.7899999618530273, 1.7199999094009399)
(1.7899999618530273, 1.7199999094009399)
(1.7899999618530273, 1.7199999094009399)
(1.7899999618530273, 1.7199999094009399)
(1.7899999618530273, 1.7199999094009399)
(2.5499999523162842, 1.6499999761581421)
(2.5499999523162842, 1.6499999761581421)
(2.5499999523162842, 1.6499999761581421)
(2.5499999523162842, 1.6499999761581421)
(2.5499999523162842, 1.6499999761581421)
(1.6599999666213989, 1.3600000143051147)
(1.6599999666213989, 1.3600000143051147)
(1.6599999666213989, 1.3600000143051147)
(1.6599999666213989, 1.3600000143051147)
(1.6599999666213989, 1.3600000143051147)
(0.70999997854232788, 1.4599999189376831)
(0.70999997854232788, 1.4599999189376831)
(0.70999997854232788, 1.4599999189376831)
(0.70999997854232788, 1.4599999189376831)
(0.70999997854232788, 1.4599999189376831)
(1.4399999380111694, 1.6200000047683716)
(1.4399999380111694, 1.6200000047683716)
(1.4399999380111694, 1.6200000047683716)
(1.4399999380111694, 1.6200000047683716)
(1.4399999380111694, 1.6200000047683716)
saying: Obstacle seen!
Sonar: SEEN obstacle (on left, distance of 0.240000)
(0.23999999463558197, 1.5)
(0.23999999463558197, 1.5)
(0.23999999463558197, 1.5)
(0.23999999463558197, 1.5)
(0.23999999463558197, 1.5)
(0.23999999463558197, 1.5)
(0.23999999463558197, 0.23999999463558197)
(0.23999999463558197, 0.23999999463558197)
(0.23999999463558197, 0.23999999463558197)
(0.23999999463558197, 0.23999999463558197)
(0.23999999463558197, 0.22999998927116394)
(0.23999999463558197, 0.22999998927116394)
(0.23999999463558197, 0.22999998927116394)
(0.23999999463558197, 0.22999998927116394)
(0.23999999463558197, 0.22999998927116394)
(0.22999998927116394, 0.23999999463558197)
(0.22999998927116394, 0.23999999463558197)
(0.22999998927116394, 0.23999999463558197)
(0.22999998927116394, 0.23999999463558197)
(0.22999998927116394, 0.23999999463558197)
(0.22999998927116394, 0.22999998927116394)
(0.22999998927116394, 0.22999998927116394)
(0.22999998927116394, 0.22999998927116394)
(0.22999998927116394, 0.22999998927116394)
(0.22999998927116394, 0.22999998927116394)
(0.22999998927116394, 0.23999999463558197)
(0.22999998927116394, 0.23999999463558197)
(0.22999998927116394, 0.23999999463558197)
(0.22999998927116394, 0.23999999463558197)
(0.22999998927116394, 0.23999999463558197)
(0.23999999463558197, 0.22999998927116394)
(0.23999999463558197, 0.22999998927116394)
(0.23999999463558197, 0.22999998927116394)
(0.23999999463558197, 0.22999998927116394)
(0.23999999463558197, 0.22999998927116394)
(0.22999998927116394, 0.22999998927116394)
(0.22999998927116394, 0.22999998927116394)
(0.22999998927116394, 0.22999998927116394)
(0.22999998927116394, 0.22999998927116394)
(0.22999998927116394, 0.22999998927116394)
(0.23999999463558197, 0.23999999463558197)
(0.23999999463558197, 0.23999999463558197)
(0.23999999463558197, 0.23999999463558197)
(0.23999999463558197, 0.23999999463558197)
(0.23999999463558197, 0.23999999463558197)
(0.23999999463558197, 0.23999999463558197)
(0.23999999463558197, 0.23999999463558197)
(0.23999999463558197, 0.23999999463558197)
(0.23999999463558197, 0.23999999463558197)
(0.23999999463558197, 0.23999999463558197)
(0.22999998927116394, 0.22999998927116394)
(0.22999998927116394, 0.22999998927116394)
(0.22999998927116394, 0.22999998927116394)
(0.22999998927116394, 0.22999998927116394)
(0.22999998927116394, 0.22999998927116394)
(0.23999999463558197, 0.23999999463558197)
(0.23999999463558197, 0.23999999463558197)
(0.23999999463558197, 0.23999999463558197)
(0.23999999463558197, 0.23999999463558197)
(0.23999999463558197, 0.23999999463558197)
(0.22999998927116394, 0.23999999463558197)
(0.22999998927116394, 0.23999999463558197)
(0.22999998927116394, 0.23999999463558197)
(0.22999998927116394, 0.23999999463558197)
(0.22999998927116394, 0.23999999463558197)
(0.23999999463558197, 0.22999998927116394)
(0.23999999463558197, 0.22999998927116394)
(0.23999999463558197, 0.22999998927116394)
(0.23999999463558197, 0.22999998927116394)
(0.23999999463558197, 0.22999998927116394)
(0.23999999463558197, 0.22999998927116394)
(0.23999999463558197, 0.22999998927116394)
(0.23999999463558197, 0.22999998927116394)
(0.23999999463558197, 0.22999998927116394)
(0.23999999463558197, 0.22999998927116394)
(0.22999998927116394, 0.22999998927116394)
(0.22999998927116394, 0.22999998927116394)
(0.22999998927116394, 0.22999998927116394)
(0.22999998927116394, 0.22999998927116394)
(0.22999998927116394, 0.22999998927116394)
(0.22999998927116394, 1.5999999046325684)
(0.22999998927116394, 1.5999999046325684)
(0.22999998927116394, 1.5999999046325684)
(0.22999998927116394, 1.5999999046325684)
(0.22999998927116394, 1.5999999046325684)
(0.22999998927116394, 1.5999999046325684)
(1.6100000143051147, 1.7599999904632568)
(1.6100000143051147, 1.7599999904632568)
(1.6100000143051147, 1.7599999904632568)
(1.6100000143051147, 1.7599999904632568)
(1.6499999761581421, 1.6799999475479126)
(1.6499999761581421, 1.6799999475479126)
(1.6499999761581421, 1.6799999475479126)
(1.6499999761581421, 1.6799999475479126)
(1.6499999761581421, 1.6799999475479126)
saying: Obstacle lost!
(1.6999999284744263, 1.7400000095367432)
(1.6999999284744263, 1.7400000095367432)
(1.6999999284744263, 1.7400000095367432)
(1.6999999284744263, 1.7400000095367432)
(1.6999999284744263, 1.7400000095367432)
(1.5999999046325684, 1.5499999523162842)
(1.5999999046325684, 1.5499999523162842)
(1.5999999046325684, 1.5499999523162842)
(1.5999999046325684, 1.5499999523162842)
(1.5999999046325684, 1.5499999523162842)
(1.7199999094009399, 1.7300000190734863)
(1.7199999094009399, 1.7300000190734863)
(1.7199999094009399, 1.7300000190734863)
(1.7199999094009399, 1.7300000190734863)
(1.7199999094009399, 1.7300000190734863)
(1.7799999713897705, 1.7099999189376831)
(1.7799999713897705, 1.7099999189376831)
(1.7799999713897705, 1.7099999189376831)
(1.7799999713897705, 1.7099999189376831)
(1.7799999713897705, 1.7099999189376831)
(2.5499999523162842, 1.6499999761581421)
(2.5499999523162842, 1.6499999761581421)
(2.5499999523162842, 1.6499999761581421)
(2.5499999523162842, 1.6499999761581421)
(2.5499999523162842, 1.6499999761581421)
(1.3899999856948853, 1.7699999809265137)
(1.3899999856948853, 1.7699999809265137)
(1.3899999856948853, 1.7699999809265137)
(1.3899999856948853, 1.7699999809265137)
(1.3899999856948853, 1.7699999809265137)
(1.7999999523162842, 1.4099999666213989)
(1.7999999523162842, 1.4099999666213989)
(1.7999999523162842, 1.4099999666213989)
(1.7999999523162842, 1.4099999666213989)
(1.7999999523162842, 1.4099999666213989)
(1.6799999475479126, 1.5399999618530273)
(1.6799999475479126, 1.5399999618530273)
(1.6799999475479126, 1.5399999618530273)
(1.6799999475479126, 1.5399999618530273)
(1.6799999475479126, 1.5399999618530273)
(1.7799999713897705, 1.7400000095367432)
(1.7799999713897705, 1.7400000095367432)
(1.7799999713897705, 1.7400000095367432)
(1.7799999713897705, 1.7400000095367432)
(1.7799999713897705, 1.7400000095367432)
(1.7899999618530273, 1.559999942779541)
(1.7899999618530273, 1.559999942779541)
(1.7899999618530273, 1.559999942779541)
(1.7899999618530273, 1.559999942779541)
(1.7899999618530273, 1.559999942779541)
saying: Obstacle seen!
Sonar: SEEN obstacle (on left, distance of 0.370000)
(0.37000000476837158, 1.6499999761581421)
(0.37000000476837158, 1.6499999761581421)
(0.37000000476837158, 1.6499999761581421)
(0.37000000476837158, 1.6499999761581421)
(0.37000000476837158, 1.6499999761581421)
(0.2800000011920929, 0.25999999046325684)
(0.2800000011920929, 0.25999999046325684)
(0.2800000011920929, 0.25999999046325684)
(0.2800000011920929, 0.25999999046325684)
(0.2800000011920929, 0.25999999046325684)
(0.28999999165534973, 0.25)
(0.28999999165534973, 0.25)
(0.28999999165534973, 0.25)
(0.28999999165534973, 0.25)
(0.28999999165534973, 0.25)
(0.25, 0.25)
(0.25, 0.25)
(0.25, 0.25)
(0.25, 0.25)
(0.25, 0.25)
(0.32999998331069946, 0.25)
(0.32999998331069946, 0.25)
(0.32999998331069946, 0.25)
(0.32999998331069946, 0.25)
(0.32999998331069946, 0.25)
(0.23999999463558197, 0.23999999463558197)
(0.23999999463558197, 0.23999999463558197)
(0.23999999463558197, 0.23999999463558197)
(0.23999999463558197, 0.23999999463558197)
(0.23999999463558197, 0.23999999463558197)
(0.23999999463558197, 0.23999999463558197)
(0.23999999463558197, 0.23999999463558197)
(0.23999999463558197, 0.23999999463558197)
(0.23999999463558197, 0.23999999463558197)
(0.23999999463558197, 0.23999999463558197)
(0.23999999463558197, 0.23999999463558197)
(0.23999999463558197, 0.23999999463558197)
(0.23999999463558197, 0.23999999463558197)
(0.23999999463558197, 0.23999999463558197)
(0.23999999463558197, 0.23999999463558197)
(0.22999998927116394, 0.23999999463558197)
(0.22999998927116394, 0.23999999463558197)
(0.22999998927116394, 0.23999999463558197)
(0.22999998927116394, 0.23999999463558197)
(0.22999998927116394, 0.23999999463558197)
(0.23999999463558197, 0.22999998927116394)
(0.23999999463558197, 0.22999998927116394)
(0.23999999463558197, 0.22999998927116394)
(0.23999999463558197, 0.22999998927116394)
(0.23999999463558197, 0.22999998927116394)
(0.23999999463558197, 0.23999999463558197)
(0.23999999463558197, 0.23999999463558197)
(0.23999999463558197, 0.23999999463558197)
(0.23999999463558197, 0.23999999463558197)
(0.23999999463558197, 0.23999999463558197)
(0.22999998927116394, 0.22999998927116394)
(0.22999998927116394, 0.22999998927116394)
(0.22999998927116394, 0.22999998927116394)
(0.22999998927116394, 0.22999998927116394)
(0.22999998927116394, 0.22999998927116394)
(0.23999999463558197, 0.23999999463558197)
(0.23999999463558197, 0.23999999463558197)
(0.23999999463558197, 0.23999999463558197)
(0.23999999463558197, 0.23999999463558197)
(0.23999999463558197, 0.23999999463558197)
(0.23999999463558197, 0.23999999463558197)
(0.23999999463558197, 0.23999999463558197)
(0.23999999463558197, 0.23999999463558197)
(0.23999999463558197, 0.23999999463558197)
(0.23999999463558197, 0.23999999463558197)
(0.22999998927116394, 0.22999998927116394)
(0.22999998927116394, 0.22999998927116394)
(0.22999998927116394, 0.22999998927116394)
(0.22999998927116394, 0.22999998927116394)
(0.22999998927116394, 0.22999998927116394)
(0.22999998927116394, 0.22999998927116394)
(0.22999998927116394, 0.22999998927116394)
(0.22999998927116394, 0.22999998927116394)
(0.22999998927116394, 0.22999998927116394)
(0.22999998927116394, 0.22999998927116394)
(0.23999999463558197, 0.22999998927116394)
(0.23999999463558197, 0.22999998927116394)
(0.23999999463558197, 0.22999998927116394)
(0.23999999463558197, 0.22999998927116394)
(0.23999999463558197, 0.22999998927116394)
(0.23999999463558197, 0.23999999463558197)
(0.23999999463558197, 0.23999999463558197)
(0.23999999463558197, 0.23999999463558197)
(0.23999999463558197, 0.23999999463558197)
(0.23999999463558197, 0.23999999463558197)
(0.22999998927116394, 0.22999998927116394)
(0.22999998927116394, 0.22999998927116394)
(0.22999998927116394, 0.22999998927116394)
(0.22999998927116394, 0.22999998927116394)
(0.22999998927116394, 0.22999998927116394)
(0.22999998927116394, 0.23999999463558197)
(0.22999998927116394, 0.23999999463558197)
(0.22999998927116394, 0.23999999463558197)
(0.22999998927116394, 0.23999999463558197)
(0.22999998927116394, 0.23999999463558197)
(0.23999999463558197, 0.23999999463558197)
(0.23999999463558197, 0.23999999463558197)
(0.23999999463558197, 0.23999999463558197)
(0.23999999463558197, 0.23999999463558197)
(0.23999999463558197, 0.23999999463558197)
(0.23999999463558197, 0.23999999463558197)
(0.23999999463558197, 0.23999999463558197)
(0.23999999463558197, 0.23999999463558197)
(0.23999999463558197, 0.23999999463558197)
(0.23999999463558197, 0.23999999463558197)
(0.22999998927116394, 0.23999999463558197)
(0.22999998927116394, 0.23999999463558197)
(0.22999998927116394, 0.23999999463558197)
(0.22999998927116394, 0.23999999463558197)
(0.22999998927116394, 0.23999999463558197)
(0.61000001430511475, 1.8199999332427979)
(0.61000001430511475, 1.8199999332427979)
(0.61000001430511475, 1.8199999332427979)
(0.61000001430511475, 1.8199999332427979)
(0.61000001430511475, 1.8199999332427979)
(1.5999999046325684, 1.6699999570846558)
(1.5999999046325684, 1.6699999570846558)
(1.5999999046325684, 1.6699999570846558)
(1.5999999046325684, 1.6699999570846558)
(1.5999999046325684, 1.6699999570846558)
saying: Obstacle lost!
(0.61000001430511475, 1.4199999570846558)
(0.61000001430511475, 1.4199999570846558)
(0.61000001430511475, 1.4199999570846558)
(0.61000001430511475, 1.4199999570846558)
(0.61000001430511475, 1.4199999570846558)
(1.7999999523162842, 2.5499999523162842)
(1.7999999523162842, 2.5499999523162842)
(1.7999999523162842, 2.5499999523162842)
(1.7999999523162842, 2.5499999523162842)
(1.7999999523162842, 2.5499999523162842)
(1.5299999713897705, 1.6999999284744263)
(1.5299999713897705, 1.6999999284744263)
(1.5299999713897705, 1.6999999284744263)
(1.5299999713897705, 1.6999999284744263)
(1.5299999713897705, 1.6999999284744263)
(0.55000001192092896, 1.4699999094009399)
(0.55000001192092896, 1.4699999094009399)
(0.55000001192092896, 1.4699999094009399)
(0.55000001192092896, 1.4699999094009399)
(0.55000001192092896, 1.4699999094009399)
(0.56999999284744263, 1.4099999666213989)
(0.56999999284744263, 1.4099999666213989)
(0.56999999284744263, 1.4099999666213989)
(0.56999999284744263, 1.4099999666213989)
(0.56999999284744263, 1.4099999666213989)
(1.6899999380111694, 1.6399999856948853)
(1.6899999380111694, 1.6399999856948853)
(1.6899999380111694, 1.6399999856948853)
(1.6899999380111694, 1.6399999856948853)
(1.6899999380111694, 1.6399999856948853)
(0.56999999284744263, 1.6499999761581421)
(0.56999999284744263, 1.6499999761581421)
(0.56999999284744263, 1.6499999761581421)
(0.56999999284744263, 1.6499999761581421)
(0.56999999284744263, 1.6499999761581421)
(0.56999999284744263, 1.7300000190734863)
(0.56999999284744263, 1.7300000190734863)
(0.56999999284744263, 1.7300000190734863)
(0.56999999284744263, 1.7300000190734863)
(0.56999999284744263, 1.7300000190734863)
(0.56999999284744263, 1.7300000190734863)
(0.59999996423721313, 1.5899999141693115)
(0.59999996423721313, 1.5899999141693115)
(0.59999996423721313, 1.5899999141693115)
(0.59999996423721313, 1.5899999141693115)
(0.56999999284744263, 1.7300000190734863)
(0.56999999284744263, 1.7300000190734863)
(0.56999999284744263, 1.7300000190734863)
(0.56999999284744263, 1.7300000190734863)
(0.56999999284744263, 1.7300000190734863)
(0.56000000238418579, 1.5999999046325684)
(0.56000000238418579, 1.5999999046325684)
(0.56000000238418579, 1.5999999046325684)
(0.56000000238418579, 1.5999999046325684)
(0.56000000238418579, 1.5999999046325684)
(0.55000001192092896, 1.7699999809265137)
(0.55000001192092896, 1.7699999809265137)
(0.55000001192092896, 1.7699999809265137)
(0.55000001192092896, 1.7699999809265137)
(0.55000001192092896, 1.7699999809265137)
(0.56000000238418579, 1.6399999856948853)
(0.56000000238418579, 1.6399999856948853)
(0.56000000238418579, 1.6399999856948853)
(0.56000000238418579, 1.6399999856948853)
saying: Obstacle seen!
Sonar: SEEN obstacle (on center, distance of 0.360000)
(0.35999998450279236, 0.37999999523162842)
(0.35999998450279236, 0.37999999523162842)
(0.35999998450279236, 0.37999999523162842)
(0.35999998450279236, 0.37999999523162842)
(0.35999998450279236, 0.37999999523162842)
(0.35999998450279236, 0.37999999523162842)
(0.37999999523162842, 0.37000000476837158)
(0.37999999523162842, 0.37000000476837158)
(0.37999999523162842, 0.37000000476837158)
(0.37999999523162842, 0.37000000476837158)
(0.37999999523162842, 0.37000000476837158)
(0.34999999403953552, 0.34999999403953552)
(0.34999999403953552, 0.34999999403953552)
(0.34999999403953552, 0.34999999403953552)
(0.34999999403953552, 0.34999999403953552)
(0.34999999403953552, 0.34999999403953552)
(0.31999999284744263, 0.31999999284744263)
(0.31999999284744263, 0.31999999284744263)
(0.31999999284744263, 0.31999999284744263)
(0.31999999284744263, 0.31999999284744263)
(0.31999999284744263, 0.31999999284744263)
(0.32999998331069946, 0.31000000238418579)
(0.32999998331069946, 0.31000000238418579)
(0.32999998331069946, 0.31000000238418579)
(0.32999998331069946, 0.31000000238418579)
(0.32999998331069946, 0.31000000238418579)
(0.31000000238418579, 0.29999998211860657)
(0.31000000238418579, 0.29999998211860657)
(0.31000000238418579, 0.29999998211860657)
(0.31000000238418579, 0.29999998211860657)
(0.31000000238418579, 0.29999998211860657)
(0.28999999165534973, 0.26999998092651367)
(0.28999999165534973, 0.26999998092651367)
(0.28999999165534973, 0.26999998092651367)
(0.28999999165534973, 0.26999998092651367)
(0.28999999165534973, 0.26999998092651367)
(0.28999999165534973, 0.26999998092651367)
(0.28999999165534973, 0.26999998092651367)
(0.28999999165534973, 0.26999998092651367)
(0.28999999165534973, 0.26999998092651367)
(0.28999999165534973, 0.26999998092651367)
(0.2800000011920929, 0.25999999046325684)
(0.2800000011920929, 0.25999999046325684)
(0.2800000011920929, 0.25999999046325684)
(0.2800000011920929, 0.25999999046325684)
(0.2800000011920929, 0.25999999046325684)
(0.32999998331069946, 0.2800000011920929)
(0.32999998331069946, 0.2800000011920929)
(0.32999998331069946, 0.2800000011920929)
(0.32999998331069946, 0.2800000011920929)
(0.32999998331069946, 0.2800000011920929)
(0.28999999165534973, 0.26999998092651367)
(0.28999999165534973, 0.26999998092651367)
(0.28999999165534973, 0.26999998092651367)
(0.28999999165534973, 0.26999998092651367)
(0.28999999165534973, 0.26999998092651367)
(1.7400000095367432, 0.26999998092651367)
(1.7400000095367432, 0.26999998092651367)
(1.7400000095367432, 0.26999998092651367)
(1.7400000095367432, 0.26999998092651367)
(1.7400000095367432, 0.26999998092651367)
(0.29999998211860657, 0.26999998092651367)
(0.29999998211860657, 0.26999998092651367)
(0.29999998211860657, 0.26999998092651367)
(0.29999998211860657, 0.26999998092651367)
(0.29999998211860657, 0.26999998092651367)
(0.2800000011920929, 0.26999998092651367)
(0.2800000011920929, 0.26999998092651367)
(0.2800000011920929, 0.26999998092651367)
(0.2800000011920929, 0.26999998092651367)
(0.2800000011920929, 0.26999998092651367)
(0.26999998092651367, 0.25999999046325684)
(0.26999998092651367, 0.25999999046325684)
(0.26999998092651367, 0.25999999046325684)
(0.26999998092651367, 0.25999999046325684)
(0.26999998092651367, 0.25999999046325684)
(0.2800000011920929, 0.25999999046325684)
(0.2800000011920929, 0.25999999046325684)
(0.2800000011920929, 0.25999999046325684)
(0.2800000011920929, 0.25999999046325684)
(0.2800000011920929, 0.25999999046325684)
(0.2800000011920929, 0.25999999046325684)
(0.2800000011920929, 0.25999999046325684)
(0.2800000011920929, 0.25999999046325684)
(0.2800000011920929, 0.25999999046325684)
(0.2800000011920929, 0.25999999046325684)
(0.26999998092651367, 0.25999999046325684)
(0.26999998092651367, 0.25999999046325684)
(0.26999998092651367, 0.25999999046325684)
(0.26999998092651367, 0.25999999046325684)
(0.26999998092651367, 0.25999999046325684)
(0.26999998092651367, 0.25999999046325684)
(0.26999998092651367, 0.25999999046325684)
(0.26999998092651367, 0.25999999046325684)
(0.26999998092651367, 0.25999999046325684)
(0.26999998092651367, 0.25999999046325684)
(0.2800000011920929, 0.25999999046325684)
(0.2800000011920929, 0.25999999046325684)
(0.2800000011920929, 0.25999999046325684)
(0.2800000011920929, 0.25999999046325684)
(0.2800000011920929, 0.25999999046325684)
(0.2800000011920929, 0.25999999046325684)
(0.2800000011920929, 0.26999998092651367)
(0.2800000011920929, 0.26999998092651367)
(0.2800000011920929, 0.26999998092651367)
(0.2800000011920929, 0.26999998092651367)
(0.31000000238418579, 0.26999998092651367)
(0.31000000238418579, 0.26999998092651367)
(0.31000000238418579, 0.26999998092651367)
(0.31000000238418579, 0.26999998092651367)
(0.31000000238418579, 0.26999998092651367)
(0.2800000011920929, 0.2800000011920929)
(0.2800000011920929, 0.2800000011920929)
(0.2800000011920929, 0.2800000011920929)
(0.2800000011920929, 0.2800000011920929)
(0.2800000011920929, 0.2800000011920929)
(0.2800000011920929, 0.26999998092651367)
(0.2800000011920929, 0.26999998092651367)
(0.2800000011920929, 0.26999998092651367)
(0.2800000011920929, 0.26999998092651367)
(0.2800000011920929, 0.26999998092651367)
(0.25999999046325684, 0.25999999046325684)
(0.25999999046325684, 0.25999999046325684)
(0.25999999046325684, 0.25999999046325684)
(0.25999999046325684, 0.25999999046325684)
(0.25999999046325684, 0.25999999046325684)
(0.25999999046325684, 0.25999999046325684)
(0.25999999046325684, 0.25999999046325684)
(0.25999999046325684, 0.25999999046325684)
(0.25999999046325684, 0.25999999046325684)
(0.25999999046325684, 0.25999999046325684)
(0.25999999046325684, 0.25999999046325684)
(0.25999999046325684, 0.25999999046325684)
(0.25999999046325684, 0.25999999046325684)
(0.25999999046325684, 0.25999999046325684)
(0.25999999046325684, 0.25999999046325684)
(0.25999999046325684, 0.25999999046325684)
(0.25999999046325684, 0.25999999046325684)
(0.25999999046325684, 0.25999999046325684)
(0.25999999046325684, 0.25999999046325684)
(0.25999999046325684, 0.25999999046325684)
(0.25999999046325684, 0.25999999046325684)
(0.25999999046325684, 0.25999999046325684)
(0.25999999046325684, 0.25999999046325684)
(0.25999999046325684, 0.25999999046325684)
(0.25999999046325684, 0.25999999046325684)
(0.25, 0.25999999046325684)
(0.25, 0.25999999046325684)
(0.25, 0.25999999046325684)
(0.25, 0.25999999046325684)
(0.25, 0.25999999046325684)
(0.70999997854232788, 1.7199999094009399)
(0.70999997854232788, 1.7199999094009399)
(0.70999997854232788, 1.7199999094009399)
(0.70999997854232788, 1.7199999094009399)
(0.70999997854232788, 1.7199999094009399)
(1.7999999523162842, 1.6299999952316284)
(1.7999999523162842, 1.6299999952316284)
(1.7999999523162842, 1.6299999952316284)
(1.7999999523162842, 1.6299999952316284)
(1.7999999523162842, 1.6299999952316284)
saying: Obstacle lost!
(1.7199999094009399, 1.7199999094009399)
(1.7199999094009399, 1.7199999094009399)
(1.7199999094009399, 1.7199999094009399)
(1.7199999094009399, 1.7199999094009399)
(1.7199999094009399, 1.7199999094009399)
(1.5999999046325684, 1.6499999761581421)
(1.5999999046325684, 1.6499999761581421)
(1.5999999046325684, 1.6499999761581421)
(1.5999999046325684, 1.6499999761581421)
(1.5999999046325684, 1.6499999761581421)
(0.5899999737739563, 1.6799999475479126)
(0.5899999737739563, 1.6799999475479126)
(0.5899999737739563, 1.6799999475479126)
(0.5899999737739563, 1.6799999475479126)
(0.5899999737739563, 1.6799999475479126)
(0.57999998331069946, 1.7899999618530273)
(0.57999998331069946, 1.7899999618530273)
(0.57999998331069946, 1.7899999618530273)
(0.57999998331069946, 1.7899999618530273)
(0.57999998331069946, 1.7899999618530273)
(1.5399999618530273, 1.7199999094009399)
(1.5399999618530273, 1.7199999094009399)
(1.5399999618530273, 1.7199999094009399)
(1.5399999618530273, 1.7199999094009399)
(1.5399999618530273, 1.7199999094009399)
(1.8199999332427979, 1.809999942779541)
(1.8199999332427979, 1.809999942779541)
(1.8199999332427979, 1.809999942779541)
(1.8199999332427979, 1.809999942779541)
(1.8199999332427979, 1.809999942779541)
(0.66999995708465576, 1.6100000143051147)
(0.66999995708465576, 1.6100000143051147)
(0.66999995708465576, 1.6100000143051147)
(0.66999995708465576, 1.6100000143051147)
(0.66999995708465576, 1.6100000143051147)
(1.7999999523162842, 1.3700000047683716)
(1.7999999523162842, 1.3700000047683716)
(1.7999999523162842, 1.3700000047683716)
(1.7999999523162842, 1.3700000047683716)
saying: Obstacle seen!
Sonar: SEEN obstacle (on center, distance of 0.390000)
(0.40999999642372131, 0.38999998569488525)
(0.40999999642372131, 0.38999998569488525)
(0.40999999642372131, 0.38999998569488525)
(0.40999999642372131, 0.38999998569488525)
(0.39999997615814209, 0.40999999642372131)
(0.39999997615814209, 0.40999999642372131)
(0.39999997615814209, 0.40999999642372131)
(0.39999997615814209, 0.40999999642372131)
(0.39999997615814209, 0.40999999642372131)
(0.39999997615814209, 0.40999999642372131)
(0.39999997615814209, 0.40999999642372131)
(0.40999999642372131, 0.38999998569488525)
(0.40999999642372131, 0.38999998569488525)
(0.39999997615814209, 0.40999999642372131)
(0.39999997615814209, 0.40999999642372131)
(0.39999997615814209, 0.40999999642372131)
(0.39999997615814209, 0.40999999642372131)
(0.39999997615814209, 0.40999999642372131)
(0.39999997615814209, 0.40999999642372131)
(0.39999997615814209, 0.40999999642372131)
(0.39999997615814209, 0.40999999642372131)
(0.38999998569488525, 0.76999998092651367)
(0.38999998569488525, 0.76999998092651367)
(0.38999998569488525, 0.76999998092651367)
(0.38999998569488525, 0.76999998092651367)
(0.38999998569488525, 0.76999998092651367)
(0.37999999523162842, 0.37000000476837158)
(0.37999999523162842, 0.37000000476837158)
(0.37999999523162842, 0.37000000476837158)
(0.37999999523162842, 0.37000000476837158)
(0.37999999523162842, 0.37000000476837158)
(0.41999998688697815, 0.37000000476837158)
(0.41999998688697815, 0.37000000476837158)
(0.41999998688697815, 0.37000000476837158)
(0.41999998688697815, 0.37000000476837158)
(0.41999998688697815, 0.37000000476837158)
(0.37999999523162842, 0.35999998450279236)
(0.37999999523162842, 0.35999998450279236)
(0.37999999523162842, 0.35999998450279236)
(0.37999999523162842, 0.35999998450279236)
(0.37999999523162842, 0.35999998450279236)
(0.38999998569488525, 0.38999998569488525)
(0.38999998569488525, 0.38999998569488525)
(0.38999998569488525, 0.38999998569488525)
(0.38999998569488525, 0.38999998569488525)
(0.38999998569488525, 0.38999998569488525)
(0.38999998569488525, 0.38999998569488525)
(0.39999997615814209, 0.39999997615814209)
(0.39999997615814209, 0.39999997615814209)
(0.39999997615814209, 0.39999997615814209)
(0.39999997615814209, 0.39999997615814209)
(0.39999997615814209, 0.37999999523162842)
(0.39999997615814209, 0.37999999523162842)
(0.39999997615814209, 0.37999999523162842)
(0.39999997615814209, 0.37999999523162842)
(0.39999997615814209, 0.37999999523162842)
(0.38999998569488525, 0.37999999523162842)
(0.38999998569488525, 0.37999999523162842)
(0.38999998569488525, 0.37999999523162842)
(0.38999998569488525, 0.37999999523162842)
(0.38999998569488525, 0.37999999523162842)
(0.37999999523162842, 0.37999999523162842)
(0.37999999523162842, 0.37999999523162842)
(0.37999999523162842, 0.37999999523162842)
(0.37999999523162842, 0.37999999523162842)
(0.37999999523162842, 0.37999999523162842)
(0.38999998569488525, 0.37999999523162842)
(0.38999998569488525, 0.37999999523162842)
(0.38999998569488525, 0.37999999523162842)
(0.38999998569488525, 0.37999999523162842)
(0.38999998569488525, 0.37999999523162842)
(0.37999999523162842, 0.37999999523162842)
(0.37999999523162842, 0.37999999523162842)
(0.37999999523162842, 0.37999999523162842)
(0.37999999523162842, 0.37999999523162842)
(0.37999999523162842, 0.37999999523162842)
(0.37999999523162842, 0.37000000476837158)
(0.37999999523162842, 0.37000000476837158)
(0.37999999523162842, 0.37000000476837158)
(0.37999999523162842, 0.37000000476837158)
(0.37999999523162842, 0.37000000476837158)
(0.37999999523162842, 0.37000000476837158)
(0.37999999523162842, 0.37000000476837158)
(0.37999999523162842, 0.37000000476837158)
(0.37999999523162842, 0.37000000476837158)
(0.37999999523162842, 0.37000000476837158)
(0.37000000476837158, 0.37999999523162842)
(0.37000000476837158, 0.37999999523162842)
(0.37000000476837158, 0.37999999523162842)
(0.37000000476837158, 0.37999999523162842)
(0.37000000476837158, 0.37999999523162842)
(0.37999999523162842, 0.37999999523162842)
(0.37999999523162842, 0.37999999523162842)
(0.37999999523162842, 0.37999999523162842)
(0.37999999523162842, 0.37999999523162842)
(0.37999999523162842, 0.37999999523162842)
(0.37000000476837158, 0.35999998450279236)
(0.37000000476837158, 0.35999998450279236)
(0.37000000476837158, 0.35999998450279236)
(0.37000000476837158, 0.35999998450279236)
(0.37000000476837158, 0.35999998450279236)
(0.37000000476837158, 0.35999998450279236)
(0.37000000476837158, 0.35999998450279236)
(0.37000000476837158, 0.35999998450279236)
(0.37000000476837158, 0.35999998450279236)
(0.37000000476837158, 0.35999998450279236)
(0.38999998569488525, 2.5499999523162842)
(0.38999998569488525, 2.5499999523162842)
(0.38999998569488525, 2.5499999523162842)
(0.38999998569488525, 2.5499999523162842)
(0.38999998569488525, 2.5499999523162842)
(2.5499999523162842, 1.6499999761581421)
(2.5499999523162842, 1.6499999761581421)
(2.5499999523162842, 1.6499999761581421)
(2.5499999523162842, 1.6499999761581421)
(2.5499999523162842, 1.6499999761581421)
(0.64999997615814209, 1.7699999809265137)
(0.64999997615814209, 1.7699999809265137)
(0.64999997615814209, 1.7699999809265137)
(0.64999997615814209, 1.7699999809265137)
(0.64999997615814209, 1.7699999809265137)
saying: Obstacle lost!
(1.6399999856948853, 1.7999999523162842)
(1.6399999856948853, 1.7999999523162842)
(1.6399999856948853, 1.7999999523162842)
(1.6399999856948853, 1.7999999523162842)
(1.6399999856948853, 1.7999999523162842)
(1.6399999856948853, 1.7999999523162842)
(1.7300000190734863, 1.6999999284744263)
(1.7300000190734863, 1.6999999284744263)
(1.7300000190734863, 1.6999999284744263)
(1.7300000190734863, 1.6999999284744263)
(0.56999999284744263, 1.6499999761581421)
(0.56999999284744263, 1.6499999761581421)
(0.56999999284744263, 1.6499999761581421)
(0.56999999284744263, 1.6499999761581421)
(0.56999999284744263, 1.6499999761581421)
(0.56999999284744263, 1.4299999475479126)
(0.56999999284744263, 1.4299999475479126)
(0.56999999284744263, 1.4299999475479126)
(0.56999999284744263, 1.4299999475479126)
(0.56999999284744263, 1.4299999475479126)
(0.56999999284744263, 1.7599999904632568)
(0.56999999284744263, 1.7599999904632568)
(0.56999999284744263, 1.7599999904632568)
(0.56999999284744263, 1.7599999904632568)
(0.56999999284744263, 1.7599999904632568)
(0.56999999284744263, 1.4499999284744263)
(0.56999999284744263, 1.4499999284744263)
(0.56999999284744263, 1.4499999284744263)
(0.56999999284744263, 1.4499999284744263)
(0.56999999284744263, 1.4499999284744263)
(0.57999998331069946, 2.5499999523162842)
(0.57999998331069946, 2.5499999523162842)
(0.57999998331069946, 2.5499999523162842)
(0.57999998331069946, 2.5499999523162842)
(0.57999998331069946, 2.5499999523162842)
(0.69999998807907104, 1.7300000190734863)
(0.69999998807907104, 1.7300000190734863)
(0.69999998807907104, 1.7300000190734863)
(0.69999998807907104, 1.7300000190734863)
(0.69999998807907104, 1.7300000190734863)
(1.5699999332427979, 1.75)
(1.5699999332427979, 1.75)
(1.5699999332427979, 1.75)
(1.5699999332427979, 1.75)
(1.5699999332427979, 1.75)
(0.66999995708465576, 1.7899999618530273)
(0.66999995708465576, 1.7899999618530273)
(0.66999995708465576, 1.7899999618530273)
(0.66999995708465576, 1.7899999618530273)
(0.66999995708465576, 1.7899999618530273)
(0.66999995708465576, 1.7899999618530273)
(1.6799999475479126, 1.5399999618530273)
(1.6799999475479126, 1.5399999618530273)
(1.6799999475479126, 1.5399999618530273)
(1.6799999475479126, 1.5399999618530273)
(1.6799999475479126, 1.5399999618530273)
(1.6599999666213989, 1.4199999570846558)
(1.6599999666213989, 1.4199999570846558)
(1.6599999666213989, 1.4199999570846558)
(1.6599999666213989, 1.4199999570846558)
(1.6999999284744263, 1.7300000190734863)
(1.6999999284744263, 1.7300000190734863)
(1.6999999284744263, 1.7300000190734863)
(1.6999999284744263, 1.7300000190734863)
(1.6999999284744263, 1.7300000190734863)
(1.6799999475479126, 1.6299999952316284)
(1.6799999475479126, 1.6299999952316284)
(1.6799999475479126, 1.6299999952316284)
(1.6799999475479126, 1.6299999952316284)
(1.6799999475479126, 1.6299999952316284)
(1.7199999094009399, 2.5499999523162842)
(1.7199999094009399, 2.5499999523162842)
(1.7199999094009399, 2.5499999523162842)
(1.7199999094009399, 2.5499999523162842)
(1.7199999094009399, 2.5499999523162842)
(1.7899999618530273, 1.6999999284744263)
(1.7899999618530273, 1.6999999284744263)
(1.7899999618530273, 1.6999999284744263)
(1.7899999618530273, 1.6999999284744263)
(1.7899999618530273, 1.6999999284744263)
(1.6599999666213989, 1.75)
(1.6599999666213989, 1.75)
(1.6599999666213989, 1.75)
(1.6599999666213989, 1.75)
(1.6599999666213989, 1.75)
(1.7899999618530273, 1.6499999761581421)
(1.7899999618530273, 1.6499999761581421)
(1.7899999618530273, 1.6499999761581421)
(1.7899999618530273, 1.6499999761581421)
(1.7899999618530273, 1.6499999761581421)
(1.7199999094009399, 1.7999999523162842)
(1.7199999094009399, 1.7999999523162842)
(1.7199999094009399, 1.7999999523162842)
(1.7199999094009399, 1.7999999523162842)
(1.7199999094009399, 1.7999999523162842)
(2.5499999523162842, 1.5399999618530273)
(2.5499999523162842, 1.5399999618530273)
(2.5499999523162842, 1.5399999618530273)
(2.5499999523162842, 1.5399999618530273)
(2.5499999523162842, 1.5399999618530273)
(2.5499999523162842, 1.4900000095367432)
(2.5499999523162842, 1.4900000095367432)
(2.5499999523162842, 1.4900000095367432)
(2.5499999523162842, 1.4900000095367432)
(2.5499999523162842, 1.4900000095367432)
(2.5499999523162842, 1.6699999570846558)
(2.5499999523162842, 1.6699999570846558)
(2.5499999523162842, 1.6699999570846558)
(2.5499999523162842, 1.6699999570846558)
(2.5499999523162842, 1.6699999570846558)
(1.6599999666213989, 1.4099999666213989)
(1.6599999666213989, 1.4099999666213989)
(1.6599999666213989, 1.4099999666213989)
(1.6599999666213989, 1.4099999666213989)
(1.6599999666213989, 1.4099999666213989)
(1.75, 1.6699999570846558)
(1.75, 1.6699999570846558)
(1.75, 1.6699999570846558)
(1.75, 1.6699999570846558)
(1.75, 1.6699999570846558)
(1.6999999284744263, 1.4599999189376831)
(1.6999999284744263, 1.4599999189376831)
(1.6999999284744263, 1.4599999189376831)
(1.6999999284744263, 1.4599999189376831)
(1.6999999284744263, 1.4599999189376831)
(0.51999998092651367, 1.6499999761581421)
(0.51999998092651367, 1.6499999761581421)
(0.51999998092651367, 1.6499999761581421)
(0.51999998092651367, 1.6499999761581421)
(0.51999998092651367, 1.6499999761581421)
(1.7099999189376831, 1.4099999666213989)
(1.7099999189376831, 1.4099999666213989)
(1.7099999189376831, 1.4099999666213989)
(1.7099999189376831, 1.4099999666213989)
(1.7099999189376831, 1.4099999666213989)
(1.7899999618530273, 1.3999999761581421)
(1.7899999618530273, 1.3999999761581421)
(1.7899999618530273, 1.3999999761581421)
(1.7899999618530273, 1.3999999761581421)
(1.7899999618530273, 1.3999999761581421)
(1.7999999523162842, 1.7899999618530273)
(1.7999999523162842, 1.7899999618530273)
(1.7999999523162842, 1.7899999618530273)
(1.7999999523162842, 1.7899999618530273)
(1.7999999523162842, 1.7899999618530273)
(1.6399999856948853, 1.8199999332427979)
(1.6399999856948853, 1.8199999332427979)
(1.6399999856948853, 1.8199999332427979)
(1.6399999856948853, 1.8199999332427979)
(1.6399999856948853, 1.8199999332427979)
(1.7899999618530273, 1.7799999713897705)
(1.7899999618530273, 1.7799999713897705)
(1.7899999618530273, 1.7799999713897705)
(1.7899999618530273, 1.7799999713897705)
(1.7899999618530273, 1.7799999713897705)
(1.6799999475479126, 1.7799999713897705)
(1.6799999475479126, 1.7799999713897705)
(1.6799999475479126, 1.7799999713897705)
(1.6799999475479126, 1.7799999713897705)
(1.6799999475479126, 1.7799999713897705)
(2.5499999523162842, 1.7599999904632568)
(2.5499999523162842, 1.7599999904632568)
(2.5499999523162842, 1.7599999904632568)
(2.5499999523162842, 1.7599999904632568)
(2.5499999523162842, 1.7599999904632568)
(2.5499999523162842, 1.7599999904632568)
(0.63999998569488525, 1.7300000190734863)
(0.63999998569488525, 1.7300000190734863)
(0.63999998569488525, 1.7300000190734863)
(0.63999998569488525, 1.7300000190734863)
(0.41999998688697815, 0.45999997854232788)
(0.41999998688697815, 0.45999997854232788)
(0.44999998807907104, 0.43999999761581421)
(0.44999998807907104, 0.43999999761581421)
(0.44999998807907104, 0.43999999761581421)
(0.44999998807907104, 0.43999999761581421)
(0.44999998807907104, 0.43999999761581421)
(0.44999998807907104, 0.43999999761581421)
(0.44999998807907104, 0.43999999761581421)
(0.44999998807907104, 0.43999999761581421)
(0.43999999761581421, 0.48999997973442078)
(0.43999999761581421, 0.48999997973442078)
(0.43999999761581421, 0.48999997973442078)
(0.43999999761581421, 0.48999997973442078)
(0.43999999761581421, 0.48999997973442078)
(0.42999997735023499, 0.45999997854232788)
(0.42999997735023499, 0.45999997854232788)
(0.42999997735023499, 0.45999997854232788)
(0.42999997735023499, 0.45999997854232788)
(0.42999997735023499, 0.45999997854232788)
(0.41999998688697815, 0.43999999761581421)
(0.41999998688697815, 0.43999999761581421)
(0.41999998688697815, 0.43999999761581421)
(0.41999998688697815, 0.43999999761581421)
(0.41999998688697815, 0.43999999761581421)
(0.41999998688697815, 0.43999999761581421)
(1.6399999856948853, 0.40999999642372131)
(1.6399999856948853, 0.40999999642372131)
saying: Obstacle seen!
Sonar: SEEN obstacle (on center, distance of 0.390000)
(0.42999997735023499, 0.38999998569488525)
(0.42999997735023499, 0.38999998569488525)
(0.42999997735023499, 0.38999998569488525)
(0.42999997735023499, 0.38999998569488525)
(0.42999997735023499, 0.38999998569488525)
(0.42999997735023499, 0.38999998569488525)
(0.42999997735023499, 0.38999998569488525)
(0.39999997615814209, 0.38999998569488525)
(0.39999997615814209, 0.38999998569488525)
(0.39999997615814209, 0.38999998569488525)
(0.39999997615814209, 0.38999998569488525)
(0.39999997615814209, 0.38999998569488525)
(0.42999997735023499, 0.40999999642372131)
(0.42999997735023499, 0.40999999642372131)
(0.42999997735023499, 0.40999999642372131)
(0.42999997735023499, 0.40999999642372131)
(0.42999997735023499, 0.40999999642372131)
(0.42999997735023499, 0.40999999642372131)
(1.7599999904632568, 0.39999997615814209)
(1.7599999904632568, 0.39999997615814209)
(1.7599999904632568, 0.39999997615814209)
(1.7599999904632568, 0.39999997615814209)
(2.5499999523162842, 0.39999997615814209)
(2.5499999523162842, 0.39999997615814209)
(2.5499999523162842, 0.39999997615814209)
(2.5499999523162842, 0.39999997615814209)
(2.5499999523162842, 0.39999997615814209)
(0.43999999761581421, 0.40999999642372131)
(0.43999999761581421, 0.40999999642372131)
(0.43999999761581421, 0.40999999642372131)
(0.43999999761581421, 0.40999999642372131)
(0.43999999761581421, 0.40999999642372131)
(0.43999999761581421, 0.40999999642372131)
(0.43999999761581421, 0.40999999642372131)
(0.43999999761581421, 0.40999999642372131)
(0.43999999761581421, 0.40999999642372131)
(0.43999999761581421, 0.40999999642372131)
(0.39999997615814209, 0.41999998688697815)
(0.39999997615814209, 0.41999998688697815)
(0.39999997615814209, 0.41999998688697815)
(1.75, 0.40999999642372131)
(1.75, 0.40999999642372131)
(1.75, 0.40999999642372131)
(1.75, 0.40999999642372131)
(1.75, 0.40999999642372131)
(0.39999997615814209, 0.41999998688697815)
(0.39999997615814209, 0.41999998688697815)
(0.39999997615814209, 0.41999998688697815)
(0.39999997615814209, 0.41999998688697815)
(0.39999997615814209, 0.41999998688697815)
(0.39999997615814209, 0.41999998688697815)
(0.39999997615814209, 0.41999998688697815)
(0.38999998569488525, 0.37999999523162842)
(0.38999998569488525, 0.37999999523162842)
(0.38999998569488525, 0.37999999523162842)
(0.38999998569488525, 0.37999999523162842)
(0.38999998569488525, 0.37999999523162842)
(0.41999998688697815, 0.38999998569488525)
(0.41999998688697815, 0.38999998569488525)
(0.41999998688697815, 0.38999998569488525)
(0.41999998688697815, 0.38999998569488525)
(0.41999998688697815, 0.38999998569488525)
(0.39999997615814209, 0.37999999523162842)
(0.39999997615814209, 0.37999999523162842)
(0.39999997615814209, 0.37999999523162842)
(0.39999997615814209, 0.37999999523162842)
(0.39999997615814209, 0.37999999523162842)
(0.38999998569488525, 0.37999999523162842)
(0.38999998569488525, 0.37999999523162842)
(0.38999998569488525, 0.37999999523162842)
(0.38999998569488525, 0.37999999523162842)
(0.38999998569488525, 0.37999999523162842)
(0.38999998569488525, 0.37999999523162842)
(0.38999998569488525, 0.37999999523162842)
(0.38999998569488525, 0.37999999523162842)
(0.38999998569488525, 0.37999999523162842)
(0.38999998569488525, 0.37999999523162842)
(0.39999997615814209, 0.38999998569488525)
(0.39999997615814209, 0.38999998569488525)
(0.39999997615814209, 0.38999998569488525)
(0.39999997615814209, 0.38999998569488525)
(0.39999997615814209, 0.38999998569488525)
(0.38999998569488525, 0.37999999523162842)
(0.38999998569488525, 0.37999999523162842)
(0.38999998569488525, 0.37999999523162842)
(0.38999998569488525, 0.37999999523162842)
(0.38999998569488525, 0.37999999523162842)
(1.809999942779541, 2.5499999523162842)
(1.809999942779541, 2.5499999523162842)
(1.809999942779541, 2.5499999523162842)
(1.809999942779541, 2.5499999523162842)
(1.809999942779541, 2.5499999523162842)
(2.5499999523162842, 1.4499999284744263)
(2.5499999523162842, 1.4499999284744263)
(2.5499999523162842, 1.4499999284744263)
(2.5499999523162842, 1.4499999284744263)
(2.5499999523162842, 1.4499999284744263)
saying: Obstacle lost!
(1.6699999570846558, 1.5899999141693115)
(1.6699999570846558, 1.5899999141693115)
(1.6699999570846558, 1.5899999141693115)
(1.6699999570846558, 1.5899999141693115)
(1.6699999570846558, 1.5899999141693115)
(1.7899999618530273, 1.6399999856948853)
(1.7899999618530273, 1.6399999856948853)
(1.7899999618530273, 1.6399999856948853)
(1.7899999618530273, 1.6399999856948853)
(1.7899999618530273, 1.6399999856948853)
(1.3799999952316284, 1.4299999475479126)
(1.3799999952316284, 1.4299999475479126)
(1.3799999952316284, 1.4299999475479126)
(1.3799999952316284, 1.4299999475479126)
(1.3799999952316284, 1.4299999475479126)
(1.6799999475479126, 1.6399999856948853)
(1.6799999475479126, 1.6399999856948853)
(1.6799999475479126, 1.6399999856948853)
(1.6799999475479126, 1.6399999856948853)
(1.6799999475479126, 1.6399999856948853)
(1.6999999284744263, 1.4399999380111694)
(1.6999999284744263, 1.4399999380111694)
(1.6999999284744263, 1.4399999380111694)
(1.6999999284744263, 1.4399999380111694)
(1.6999999284744263, 1.4399999380111694)
(1.6299999952316284, 1.4599999189376831)
(1.6299999952316284, 1.4599999189376831)
(1.6299999952316284, 1.4599999189376831)
(1.6299999952316284, 1.4599999189376831)
(1.6299999952316284, 1.4599999189376831)
(1.7899999618530273, 1.4800000190734863)
(1.7899999618530273, 1.4800000190734863)
(1.7899999618530273, 1.4800000190734863)
(1.7899999618530273, 1.4800000190734863)
(1.7899999618530273, 1.4800000190734863)
(1.7099999189376831, 1.7899999618530273)
(1.7099999189376831, 1.7899999618530273)
(1.7099999189376831, 1.7899999618530273)
(1.7099999189376831, 1.7899999618530273)
(1.7099999189376831, 1.7899999618530273)
(1.8199999332427979, 1.3999999761581421)
(1.8199999332427979, 1.3999999761581421)
(1.8199999332427979, 1.3999999761581421)
(1.8199999332427979, 1.3999999761581421)
(1.8199999332427979, 1.3999999761581421)
(1.8199999332427979, 1.3999999761581421)
(1.5899999141693115, 2.5499999523162842)
(1.5899999141693115, 2.5499999523162842)
(1.5899999141693115, 2.5499999523162842)
(1.5899999141693115, 2.5499999523162842)
(1.6399999856948853, 1.4099999666213989)
(1.6399999856948853, 1.4099999666213989)
(1.6399999856948853, 1.4099999666213989)
(1.6399999856948853, 1.4099999666213989)
(1.6399999856948853, 1.4099999666213989)
(1.809999942779541, 1.4299999475479126)
(1.809999942779541, 1.4299999475479126)
(1.809999942779541, 1.4299999475479126)
(1.809999942779541, 1.4299999475479126)
(1.809999942779541, 1.4299999475479126)
(1.809999942779541, 1.4299999475479126)
(1.7799999713897705, 1.8199999332427979)
(1.7799999713897705, 1.8199999332427979)
(1.7799999713897705, 1.8199999332427979)
(1.7799999713897705, 1.8199999332427979)
(1.75, 1.6200000047683716)
(1.75, 1.6200000047683716)
(1.75, 1.6200000047683716)
(1.75, 1.6200000047683716)
(1.75, 1.6200000047683716)
(1.6499999761581421, 1.7699999809265137)
(1.6499999761581421, 1.7699999809265137)
(1.6499999761581421, 1.7699999809265137)
(1.6499999761581421, 1.7699999809265137)
(1.6499999761581421, 1.7699999809265137)
(1.6399999856948853, 2.5499999523162842)
(1.6399999856948853, 2.5499999523162842)
(1.6399999856948853, 2.5499999523162842)
(1.6399999856948853, 2.5499999523162842)
(1.6399999856948853, 2.5499999523162842)
(2.5499999523162842, 1.6999999284744263)
(2.5499999523162842, 1.6999999284744263)
(2.5499999523162842, 1.6999999284744263)
(2.5499999523162842, 1.6999999284744263)
(2.5499999523162842, 1.6999999284744263)
(1.6200000047683716, 1.6599999666213989)
(1.6200000047683716, 1.6599999666213989)
(1.6200000047683716, 1.6599999666213989)
(1.6200000047683716, 1.6599999666213989)
(1.6200000047683716, 1.6599999666213989)
(1.6799999475479126, 1.7199999094009399)
(1.6799999475479126, 1.7199999094009399)
(1.6799999475479126, 1.7199999094009399)
(1.6799999475479126, 1.7199999094009399)
(1.6799999475479126, 1.7199999094009399)
(1.7899999618530273, 1.3500000238418579)
(1.7899999618530273, 1.3500000238418579)
(1.7899999618530273, 1.3500000238418579)
(1.7899999618530273, 1.3500000238418579)
(1.7899999618530273, 1.3500000238418579)
(1.6499999761581421, 1.559999942779541)
(1.6499999761581421, 1.559999942779541)
(1.6499999761581421, 1.559999942779541)
(1.6499999761581421, 1.559999942779541)
(1.6499999761581421, 1.559999942779541)
(1.7300000190734863, 1.7799999713897705)
(1.7300000190734863, 1.7799999713897705)
(1.7300000190734863, 1.7799999713897705)
(1.7300000190734863, 1.7799999713897705)
(1.7300000190734863, 1.7799999713897705)
(1.7300000190734863, 1.7799999713897705)
(1.7300000190734863, 1.6399999856948853)
(1.7300000190734863, 1.6399999856948853)
(1.7300000190734863, 1.6399999856948853)
(1.7300000190734863, 1.6399999856948853)
(1.809999942779541, 1.7400000095367432)
(1.809999942779541, 1.7400000095367432)
(1.809999942779541, 1.7400000095367432)
(1.809999942779541, 1.7400000095367432)
(1.809999942779541, 1.7400000095367432)
(1.7400000095367432, 1.4199999570846558)
(1.7400000095367432, 1.4199999570846558)
(1.7400000095367432, 1.4199999570846558)
(1.7400000095367432, 1.4199999570846558)
(1.7400000095367432, 1.4199999570846558)
(1.6399999856948853, 1.6899999380111694)
(1.6399999856948853, 1.6899999380111694)
(1.6399999856948853, 1.6899999380111694)
(1.6399999856948853, 1.6899999380111694)
(1.6399999856948853, 1.6899999380111694)
(1.6599999666213989, 1.7899999618530273)
(1.6599999666213989, 1.7899999618530273)
(1.6599999666213989, 1.7899999618530273)
(1.6599999666213989, 1.7899999618530273)
(1.6599999666213989, 1.7899999618530273)
(1.6599999666213989, 1.5899999141693115)
(1.6599999666213989, 1.5899999141693115)
(1.6599999666213989, 1.5899999141693115)
(1.6599999666213989, 1.5899999141693115)
(1.6599999666213989, 1.5899999141693115)
(1.7599999904632568, 1.809999942779541)
(1.7599999904632568, 1.809999942779541)
(1.7599999904632568, 1.809999942779541)
(1.7599999904632568, 1.809999942779541)
(1.7599999904632568, 1.809999942779541)
(1.5399999618530273, 1.4099999666213989)
(1.5399999618530273, 1.4099999666213989)
(1.5399999618530273, 1.4099999666213989)
(1.5399999618530273, 1.4099999666213989)
(1.5399999618530273, 1.4099999666213989)
(1.7300000190734863, 1.7599999904632568)
(1.7300000190734863, 1.7599999904632568)
(1.7300000190734863, 1.7599999904632568)
(1.7300000190734863, 1.7599999904632568)
(1.7300000190734863, 1.7599999904632568)
(2.5499999523162842, 1.6499999761581421)
(2.5499999523162842, 1.6499999761581421)
(2.5499999523162842, 1.6499999761581421)
(2.5499999523162842, 1.6499999761581421)
(2.5499999523162842, 1.6499999761581421)
(1.6899999380111694, 1.6599999666213989)
(1.6899999380111694, 1.6599999666213989)
(1.6899999380111694, 1.6599999666213989)
(1.6899999380111694, 1.6599999666213989)
(1.6899999380111694, 1.6599999666213989)
(1.6599999666213989, 1.4299999475479126)
(1.6599999666213989, 1.4299999475479126)
(1.6599999666213989, 1.4299999475479126)
(1.6599999666213989, 1.4299999475479126)
(1.6599999666213989, 1.4299999475479126)
(1.7799999713897705, 1.5999999046325684)
(1.7799999713897705, 1.5999999046325684)
(1.7799999713897705, 1.5999999046325684)
(1.7799999713897705, 1.5999999046325684)
(1.7799999713897705, 1.5999999046325684)
(1.6999999284744263, 1.4099999666213989)
(1.6999999284744263, 1.4099999666213989)
(1.6999999284744263, 1.4099999666213989)
(1.6999999284744263, 1.4099999666213989)
(1.6999999284744263, 1.4099999666213989)
(1.7699999809265137, 1.6799999475479126)
(1.7699999809265137, 1.6799999475479126)
(1.7699999809265137, 1.6799999475479126)
(1.7699999809265137, 1.6799999475479126)
(1.7699999809265137, 1.6799999475479126)
(2.5499999523162842, 1.6899999380111694)
(2.5499999523162842, 1.6899999380111694)
(2.5499999523162842, 1.6899999380111694)
(2.5499999523162842, 1.6899999380111694)
(2.5499999523162842, 1.6899999380111694)
(1.6299999952316284, 1.6499999761581421)
(1.6299999952316284, 1.6499999761581421)
(1.6299999952316284, 1.6499999761581421)
(1.6299999952316284, 1.6499999761581421)
(1.6299999952316284, 1.6499999761581421)
(1.7400000095367432, 1.4099999666213989)
(1.7400000095367432, 1.4099999666213989)
(1.7400000095367432, 1.4099999666213989)
(1.7400000095367432, 1.4099999666213989)
(1.7400000095367432, 1.4099999666213989)
(1.75, 1.4199999570846558)