(0.68000000715255737, 1.1399999856948853)
(0.68000000715255737, 1.1399999856948853)
(0.68000000715255737, 1.1399999856948853)
(0.68000000715255737, 1.1399999856948853)
(0.68000000715255737, 1.1399999856948853)
(0.68000000715255737, 1.1399999856948853)
(0.68000000715255737, 1.1399999856948853)
(0.68000000715255737, 1.1399999856948853)
(0.68000000715255737, 1.1399999856948853)
(0.68999999761581421, 1.1399999856948853)
(0.68999999761581421, 1.1399999856948853)
(0.68999999761581421, 1.1399999856948853)
(0.68999999761581421, 1.1399999856948853)
(0.68999999761581421, 1.1399999856948853)
(0.70999997854232788, 1.1299999952316284)
(0.70999997854232788, 1.1299999952316284)
(0.70999997854232788, 1.1299999952316284)
(0.70999997854232788, 1.1299999952316284)
(0.70999997854232788, 1.1299999952316284)
(0.75999999046325684, 1.1499999761581421)
(0.75999999046325684, 1.1499999761581421)
(0.75999999046325684, 1.1499999761581421)
(0.75999999046325684, 1.1499999761581421)
(0.75999999046325684, 1.1499999761581421)
(0.71999996900558472, 1.1299999952316284)
(0.71999996900558472, 1.1299999952316284)
(0.71999996900558472, 1.1299999952316284)
(0.71999996900558472, 1.1299999952316284)
(0.71999996900558472, 1.1299999952316284)
(0.68999999761581421, 1.1299999952316284)
(0.68999999761581421, 1.1299999952316284)
(0.68999999761581421, 1.1299999952316284)
(0.68999999761581421, 1.1299999952316284)
(0.68999999761581421, 1.1299999952316284)
(0.71999996900558472, 1.1299999952316284)
(0.71999996900558472, 1.1299999952316284)
(0.71999996900558472, 1.1299999952316284)
(0.71999996900558472, 1.1299999952316284)
(0.71999996900558472, 1.1299999952316284)
(0.64999997615814209, 1.1299999952316284)
(0.64999997615814209, 1.1299999952316284)
(0.64999997615814209, 1.1299999952316284)
(0.64999997615814209, 1.1299999952316284)
(0.64999997615814209, 1.1299999952316284)
(0.45999997854232788, 1.1299999952316284)
(0.45999997854232788, 1.1299999952316284)
(0.45999997854232788, 1.1299999952316284)
(0.45999997854232788, 1.1299999952316284)
(0.45999997854232788, 1.1299999952316284)
(0.79999995231628418, 1.1299999952316284)
(0.79999995231628418, 1.1299999952316284)
(0.79999995231628418, 1.1299999952316284)
(0.79999995231628418, 1.1299999952316284)
(0.79999995231628418, 1.1299999952316284)
(0.84999996423721313, 1.1299999952316284)
(0.84999996423721313, 1.1299999952316284)
(0.84999996423721313, 1.1299999952316284)
(0.84999996423721313, 1.1299999952316284)
(0.84999996423721313, 1.1299999952316284)
(0.61000001430511475, 1.1399999856948853)
(0.61000001430511475, 1.1399999856948853)
(0.61000001430511475, 1.1399999856948853)
(0.61000001430511475, 1.1399999856948853)
(0.61000001430511475, 1.1399999856948853)
(0.81000000238418579, 1.1299999952316284)
(0.81000000238418579, 1.1299999952316284)
(0.81000000238418579, 1.1299999952316284)
(0.81000000238418579, 1.1299999952316284)
(0.61000001430511475, 1.1399999856948853)
(0.61000001430511475, 1.1399999856948853)
(0.61000001430511475, 1.1399999856948853)
(0.61000001430511475, 1.1399999856948853)
(0.61000001430511475, 1.1399999856948853)
(0.61000001430511475, 1.1399999856948853)
(0.56999999284744263, 1.1299999952316284)
(0.56999999284744263, 1.1299999952316284)
(0.56999999284744263, 1.1299999952316284)
(0.56999999284744263, 1.1299999952316284)
(0.56999999284744263, 1.1299999952316284)
(0.62999999523162842, 1.1299999952316284)
(0.62999999523162842, 1.1299999952316284)
(0.62999999523162842, 1.1299999952316284)
(0.62999999523162842, 1.1299999952316284)
(0.72999995946884155, 1.1399999856948853)
(0.72999995946884155, 1.1399999856948853)
(0.72999995946884155, 1.1399999856948853)
(0.72999995946884155, 1.1399999856948853)
(0.72999995946884155, 1.1399999856948853)
(0.72999995946884155, 1.1399999856948853)
(0.70999997854232788, 1.1200000047683716)
(0.70999997854232788, 1.1200000047683716)
(0.70999997854232788, 1.1200000047683716)
(0.70999997854232788, 1.1200000047683716)
(0.70999997854232788, 1.1200000047683716)
(0.75999999046325684, 1.1200000047683716)
(0.75999999046325684, 1.1200000047683716)
(0.75999999046325684, 1.1200000047683716)
(0.75999999046325684, 1.1200000047683716)
(0.75999999046325684, 1.1200000047683716)
(0.72999995946884155, 1.1399999856948853)
(0.72999995946884155, 1.1399999856948853)
(0.72999995946884155, 1.1399999856948853)
(0.72999995946884155, 1.1399999856948853)
(0.72999995946884155, 1.1399999856948853)
(0.70999997854232788, 1.1299999952316284)
(0.70999997854232788, 1.1299999952316284)
(0.70999997854232788, 1.1299999952316284)
(0.70999997854232788, 1.1299999952316284)
(0.70999997854232788, 1.1299999952316284)
(0.79999995231628418, 1.1299999952316284)
(0.79999995231628418, 1.1299999952316284)
(0.79999995231628418, 1.1299999952316284)
(0.79999995231628418, 1.1299999952316284)
(0.79999995231628418, 1.1299999952316284)
(0.65999996662139893, 1.1200000047683716)
(0.65999996662139893, 1.1200000047683716)
(0.65999996662139893, 1.1200000047683716)
(0.65999996662139893, 1.1200000047683716)
(0.65999996662139893, 1.1200000047683716)
(0.45999997854232788, 1.1299999952316284)
(0.45999997854232788, 1.1299999952316284)
(0.45999997854232788, 1.1299999952316284)
(0.45999997854232788, 1.1299999952316284)
(0.45999997854232788, 1.1299999952316284)
(0.87999999523162842, 1.1299999952316284)
(0.87999999523162842, 1.1299999952316284)
(0.87999999523162842, 1.1299999952316284)
(0.87999999523162842, 1.1299999952316284)
(0.87999999523162842, 1.1299999952316284)
(0.69999998807907104, 1.1299999952316284)
(0.69999998807907104, 1.1299999952316284)
(0.69999998807907104, 1.1299999952316284)
(0.69999998807907104, 1.1299999952316284)
(0.69999998807907104, 1.1299999952316284)
(0.75, 1.1399999856948853)
(0.75, 1.1399999856948853)
(0.75, 1.1399999856948853)
(0.75, 1.1399999856948853)
(0.75, 1.1399999856948853)
(0.74000000953674316, 1.1399999856948853)
(0.74000000953674316, 1.1399999856948853)
(0.74000000953674316, 1.1399999856948853)
(0.74000000953674316, 1.1399999856948853)
(0.74000000953674316, 1.1399999856948853)
(0.76999998092651367, 1.1299999952316284)
(0.76999998092651367, 1.1299999952316284)
(0.76999998092651367, 1.1299999952316284)
(0.76999998092651367, 1.1299999952316284)
(0.78999996185302734, 1.1299999952316284)
(0.78999996185302734, 1.1299999952316284)
(0.78999996185302734, 1.1299999952316284)
(0.78999996185302734, 1.1299999952316284)
(0.78999996185302734, 1.1299999952316284)
(0.78999996185302734, 1.1299999952316284)
(0.65999996662139893, 1.1299999952316284)
(0.65999996662139893, 1.1299999952316284)
(0.65999996662139893, 1.1299999952316284)
(0.65999996662139893, 1.1299999952316284)
(0.65999996662139893, 1.1299999952316284)
(0.70999997854232788, 1.1299999952316284)
(0.70999997854232788, 1.1299999952316284)
(0.70999997854232788, 1.1299999952316284)
(0.70999997854232788, 1.1299999952316284)
(0.76999998092651367, 1.1200000047683716)
(0.76999998092651367, 1.1200000047683716)
(0.76999998092651367, 1.1200000047683716)
(0.76999998092651367, 1.1200000047683716)
(0.76999998092651367, 1.1200000047683716)
(0.76999998092651367, 1.1200000047683716)
(0.81999999284744263, 2.5499999523162842)
(0.81999999284744263, 2.5499999523162842)
(0.81999999284744263, 2.5499999523162842)
(0.81999999284744263, 2.5499999523162842)
(0.81999999284744263, 2.5499999523162842)
saying: Obstacle seen!
Sonar: SEEN obstacle (on center, distance of 0.230000)
(0.22999998927116394, 0.23999999463558197)
(0.22999998927116394, 0.23999999463558197)
(0.22999998927116394, 0.23999999463558197)
(0.22999998927116394, 0.23999999463558197)
(0.22999998927116394, 0.23999999463558197)
(0.70999997854232788, 0.37999999523162842)
(0.70999997854232788, 0.37999999523162842)
(0.70999997854232788, 0.37999999523162842)
(0.70999997854232788, 0.37999999523162842)
(0.70999997854232788, 0.37999999523162842)
(0.81000000238418579, 1.1399999856948853)
(0.81000000238418579, 1.1399999856948853)
(0.81000000238418579, 1.1399999856948853)
(0.81000000238418579, 1.1399999856948853)
(0.81000000238418579, 1.1399999856948853)
(0.71999996900558472, 0.31999999284744263)
(0.71999996900558472, 0.31999999284744263)
(0.71999996900558472, 0.31999999284744263)
(0.71999996900558472, 0.31999999284744263)
(0.71999996900558472, 0.31999999284744263)
(0.5, 0.22999998927116394)
(0.5, 0.22999998927116394)
(0.5, 0.22999998927116394)
(0.5, 0.22999998927116394)
(0.5, 0.22999998927116394)
(0.31999999284744263, 0.22999998927116394)
(0.31999999284744263, 0.22999998927116394)
(0.31999999284744263, 0.22999998927116394)
(0.31999999284744263, 0.22999998927116394)
(0.31999999284744263, 0.22999998927116394)
(0.71999996900558472, 0.23999999463558197)
(0.71999996900558472, 0.23999999463558197)
(0.71999996900558472, 0.23999999463558197)
(0.71999996900558472, 0.23999999463558197)
(0.71999996900558472, 0.23999999463558197)
(0.65999996662139893, 0.22999998927116394)
(0.65999996662139893, 0.22999998927116394)
(0.65999996662139893, 0.22999998927116394)
(0.65999996662139893, 0.22999998927116394)
(0.65999996662139893, 0.22999998927116394)
(0.34999999403953552, 0.23999999463558197)
(0.34999999403953552, 0.23999999463558197)
(0.34999999403953552, 0.23999999463558197)
(0.34999999403953552, 0.23999999463558197)
(0.34999999403953552, 0.23999999463558197)
(0.22999998927116394, 0.22999998927116394)
(0.22999998927116394, 0.22999998927116394)
(0.22999998927116394, 0.22999998927116394)
(0.22999998927116394, 0.22999998927116394)
(0.22999998927116394, 0.22999998927116394)
(0.22999998927116394, 0.22999998927116394)
(0.22999998927116394, 0.22999998927116394)
(0.22999998927116394, 0.22999998927116394)
(0.22999998927116394, 0.22999998927116394)
(0.22999998927116394, 0.22999998927116394)
(0.22999998927116394, 0.22999998927116394)
(0.22999998927116394, 0.22999998927116394)
(0.22999998927116394, 0.22999998927116394)
(0.22999998927116394, 0.22999998927116394)
(0.22999998927116394, 0.22999998927116394)
(0.23999999463558197, 0.23999999463558197)
(0.23999999463558197, 0.23999999463558197)
(0.23999999463558197, 0.23999999463558197)
(0.23999999463558197, 0.23999999463558197)
(0.23999999463558197, 0.23999999463558197)
(0.22999998927116394, 0.22999998927116394)
(0.22999998927116394, 0.22999998927116394)
(0.22999998927116394, 0.22999998927116394)
(0.22999998927116394, 0.22999998927116394)
(0.23999999463558197, 0.23999999463558197)
(0.23999999463558197, 0.23999999463558197)
(0.23999999463558197, 0.23999999463558197)
(0.23999999463558197, 0.23999999463558197)
(0.23999999463558197, 0.23999999463558197)
(0.23999999463558197, 0.23999999463558197)
(0.53999996185302734, 0.22999998927116394)
(0.53999996185302734, 0.22999998927116394)
(0.53999996185302734, 0.22999998927116394)
(0.53999996185302734, 0.22999998927116394)
(0.53999996185302734, 0.22999998927116394)
(0.43999999761581421, 0.22999998927116394)
(0.43999999761581421, 0.22999998927116394)
(0.43999999761581421, 0.22999998927116394)
(0.43999999761581421, 0.22999998927116394)
(0.43999999761581421, 0.22999998927116394)
(0.87999999523162842, 0.23999999463558197)
(0.87999999523162842, 0.23999999463558197)
(0.87999999523162842, 0.23999999463558197)
(0.87999999523162842, 0.23999999463558197)
(0.87999999523162842, 0.23999999463558197)
(0.22999998927116394, 0.23999999463558197)
(0.22999998927116394, 0.23999999463558197)
(0.22999998927116394, 0.23999999463558197)
(0.22999998927116394, 0.23999999463558197)
(0.22999998927116394, 0.23999999463558197)
(0.85999995470046997, 1.1299999952316284)
(0.85999995470046997, 1.1299999952316284)
(0.85999995470046997, 1.1299999952316284)
(0.85999995470046997, 1.1299999952316284)
(0.74000000953674316, 1.1499999761581421)
(0.74000000953674316, 1.1499999761581421)
(0.74000000953674316, 1.1499999761581421)
(0.74000000953674316, 1.1499999761581421)
(0.74000000953674316, 1.1499999761581421)
(0.74000000953674316, 1.1499999761581421)
saying: Obstacle lost!
(0.91999995708465576, 1.1399999856948853)
(0.91999995708465576, 1.1399999856948853)
(0.91999995708465576, 1.1399999856948853)
(0.91999995708465576, 1.1399999856948853)
(0.91999995708465576, 1.1399999856948853)
(0.65999996662139893, 0.53999996185302734)
(0.65999996662139893, 0.53999996185302734)
(0.65999996662139893, 0.53999996185302734)
(0.65999996662139893, 0.53999996185302734)
(0.65999996662139893, 0.53999996185302734)
(0.81000000238418579, 1.1299999952316284)
(0.81000000238418579, 1.1299999952316284)
(0.81000000238418579, 1.1299999952316284)
(0.81000000238418579, 1.1299999952316284)
(0.81000000238418579, 1.1299999952316284)
(0.75, 1.1100000143051147)
(0.75, 1.1100000143051147)
(0.75, 1.1100000143051147)
(0.75, 1.1100000143051147)
(0.75, 1.1100000143051147)
(0.62999999523162842, 0.41999998688697815)
(0.62999999523162842, 0.41999998688697815)
(0.62999999523162842, 0.41999998688697815)
(0.62999999523162842, 0.41999998688697815)
(0.62999999523162842, 0.41999998688697815)
(0.78999996185302734, 0.42999997735023499)
(0.78999996185302734, 0.42999997735023499)
(0.78999996185302734, 0.42999997735023499)
(0.78999996185302734, 0.42999997735023499)
(0.78999996185302734, 0.42999997735023499)
(0.75999999046325684, 0.41999998688697815)
(0.75999999046325684, 0.41999998688697815)
(0.75999999046325684, 0.41999998688697815)
(0.75999999046325684, 0.41999998688697815)
(0.75999999046325684, 0.41999998688697815)
(0.74000000953674316, 0.41999998688697815)
(0.74000000953674316, 0.41999998688697815)
(0.74000000953674316, 0.41999998688697815)
(0.74000000953674316, 0.41999998688697815)
(0.74000000953674316, 0.41999998688697815)
saying: Obstacle seen!
Sonar: SEEN obstacle (on right, distance of 0.340000)
(0.78999996185302734, 0.34000000357627869)
(0.78999996185302734, 0.34000000357627869)
(0.78999996185302734, 0.34000000357627869)
(0.78999996185302734, 0.34000000357627869)
(0.78999996185302734, 0.34000000357627869)
(0.31000000238418579, 0.25999999046325684)
(0.31000000238418579, 0.25999999046325684)
(0.31000000238418579, 0.25999999046325684)
(0.31000000238418579, 0.25999999046325684)
(0.31000000238418579, 0.25999999046325684)
(0.50999999046325684, 0.26999998092651367)
(0.50999999046325684, 0.26999998092651367)
(0.50999999046325684, 0.26999998092651367)
(0.50999999046325684, 0.26999998092651367)
(0.50999999046325684, 0.26999998092651367)
(0.25, 0.25999999046325684)
(0.25, 0.25999999046325684)
(0.25, 0.25999999046325684)
(0.25, 0.25999999046325684)
(0.25, 0.25999999046325684)
(0.26999998092651367, 0.23999999463558197)
(0.26999998092651367, 0.23999999463558197)
(0.26999998092651367, 0.23999999463558197)
(0.26999998092651367, 0.23999999463558197)
(0.26999998092651367, 0.23999999463558197)
(0.25999999046325684, 0.25)
(0.25999999046325684, 0.25)
(0.25999999046325684, 0.25)
(0.25999999046325684, 0.25)
(0.25999999046325684, 0.25)
(0.25999999046325684, 0.25999999046325684)
(0.25999999046325684, 0.25999999046325684)
(0.25999999046325684, 0.25999999046325684)
(0.25999999046325684, 0.25999999046325684)
(0.25999999046325684, 0.25999999046325684)
(0.25999999046325684, 0.23999999463558197)
(0.25999999046325684, 0.23999999463558197)
(0.25999999046325684, 0.23999999463558197)
(0.25999999046325684, 0.23999999463558197)
(0.25999999046325684, 0.23999999463558197)
(0.23999999463558197, 0.25999999046325684)
(0.23999999463558197, 0.25999999046325684)
(0.23999999463558197, 0.25999999046325684)
(0.23999999463558197, 0.25999999046325684)
(0.23999999463558197, 0.25999999046325684)
(0.25, 0.25)
(0.25, 0.25)
(0.25, 0.25)
(0.25, 0.25)
(0.25, 0.23999999463558197)
(0.25, 0.23999999463558197)
(0.25, 0.23999999463558197)
(0.25, 0.23999999463558197)
(0.25, 0.23999999463558197)
(0.25, 0.23999999463558197)
(0.25, 0.25)
(0.25, 0.25)
(0.25, 0.25)
(0.25, 0.25)
(0.25, 0.25)
(0.25, 0.23999999463558197)
(0.25, 0.23999999463558197)
(0.25, 0.23999999463558197)
(0.25, 0.23999999463558197)
(0.25999999046325684, 0.25)
(0.25999999046325684, 0.25)
(0.25999999046325684, 0.25)
(0.25999999046325684, 0.25)
(0.25999999046325684, 0.25)
(0.25999999046325684, 0.25)
(0.22999998927116394, 0.23999999463558197)
(0.22999998927116394, 0.23999999463558197)
(0.22999998927116394, 0.23999999463558197)
(0.22999998927116394, 0.23999999463558197)
(0.22999998927116394, 0.23999999463558197)
(0.23999999463558197, 0.23999999463558197)
(0.23999999463558197, 0.23999999463558197)
(0.23999999463558197, 0.23999999463558197)
(0.23999999463558197, 0.23999999463558197)
(0.23999999463558197, 0.23999999463558197)
(0.63999998569488525, 1.1399999856948853)
(0.63999998569488525, 1.1399999856948853)
(0.63999998569488525, 1.1399999856948853)
(0.63999998569488525, 1.1399999856948853)
(0.63999998569488525, 1.1399999856948853)
(0.76999998092651367, 1.1200000047683716)
(0.76999998092651367, 1.1200000047683716)
(0.76999998092651367, 1.1200000047683716)
(0.76999998092651367, 1.1200000047683716)
(0.76999998092651367, 1.1200000047683716)
saying: Obstacle lost!
(0.72999995946884155, 1.1299999952316284)
(0.72999995946884155, 1.1299999952316284)
(0.72999995946884155, 1.1299999952316284)
(0.72999995946884155, 1.1299999952316284)
(0.72999995946884155, 1.1299999952316284)
(0.82999998331069946, 1.1299999952316284)
(0.82999998331069946, 1.1299999952316284)
(0.82999998331069946, 1.1299999952316284)
(0.82999998331069946, 1.1299999952316284)
(0.82999998331069946, 1.1299999952316284)
(0.68000000715255737, 1.1299999952316284)
(0.68000000715255737, 1.1299999952316284)
(0.68000000715255737, 1.1299999952316284)
(0.68000000715255737, 1.1299999952316284)
(0.68000000715255737, 1.1299999952316284)
(0.55000001192092896, 1.1399999856948853)
(0.55000001192092896, 1.1399999856948853)
(0.55000001192092896, 1.1399999856948853)
(0.55000001192092896, 1.1399999856948853)
(0.55000001192092896, 1.1399999856948853)
(0.56999999284744263, 1.1299999952316284)
(0.56999999284744263, 1.1299999952316284)
(0.56999999284744263, 1.1299999952316284)
(0.56999999284744263, 1.1299999952316284)
(0.56999999284744263, 1.1299999952316284)
(0.75999999046325684, 0.47999998927116394)
(0.75999999046325684, 0.47999998927116394)
(0.75999999046325684, 0.47999998927116394)
(0.75999999046325684, 0.47999998927116394)
(0.75999999046325684, 0.47999998927116394)
(0.81999999284744263, 1.1200000047683716)
(0.81999999284744263, 1.1200000047683716)
(0.81999999284744263, 1.1200000047683716)
(0.81999999284744263, 1.1200000047683716)
(0.81999999284744263, 1.1200000047683716)
(0.5899999737739563, 1.1200000047683716)
(0.5899999737739563, 1.1200000047683716)
(0.5899999737739563, 1.1200000047683716)
(0.5899999737739563, 1.1200000047683716)
saying: Obstacle seen!
Sonar: SEEN obstacle (on right, distance of 0.370000)
(0.56999999284744263, 0.37000000476837158)
(0.56999999284744263, 0.37000000476837158)
(0.56999999284744263, 0.37000000476837158)
(0.56999999284744263, 0.37000000476837158)
(0.56999999284744263, 0.37000000476837158)
(0.56999999284744263, 0.37000000476837158)
(0.38999998569488525, 0.34999999403953552)
(0.38999998569488525, 0.34999999403953552)
(0.38999998569488525, 0.34999999403953552)
(0.38999998569488525, 0.34999999403953552)
(0.38999998569488525, 0.34999999403953552)
(0.85999995470046997, 0.31000000238418579)
(0.85999995470046997, 0.31000000238418579)
(0.85999995470046997, 0.31000000238418579)
(0.85999995470046997, 0.31000000238418579)
(0.37000000476837158, 0.29999998211860657)
(0.37000000476837158, 0.29999998211860657)
(0.37000000476837158, 0.29999998211860657)
(0.37000000476837158, 0.29999998211860657)
(0.37000000476837158, 0.29999998211860657)
(0.37000000476837158, 0.29999998211860657)
(0.37999999523162842, 0.31999999284744263)
(0.37999999523162842, 0.31999999284744263)
(0.37999999523162842, 0.31999999284744263)
(0.37999999523162842, 0.31999999284744263)
(0.37000000476837158, 0.29999998211860657)
(0.37000000476837158, 0.29999998211860657)
(0.37000000476837158, 0.29999998211860657)
(0.37000000476837158, 0.29999998211860657)
(0.37000000476837158, 0.29999998211860657)
(0.38999998569488525, 0.31000000238418579)
(0.38999998569488525, 0.31000000238418579)
(0.38999998569488525, 0.31000000238418579)
(0.38999998569488525, 0.31000000238418579)
(0.38999998569488525, 0.31000000238418579)
(0.38999998569488525, 0.31000000238418579)
(0.64999997615814209, 0.31000000238418579)
(0.64999997615814209, 0.31000000238418579)
(0.64999997615814209, 0.31000000238418579)
(0.64999997615814209, 0.31000000238418579)
(0.64999997615814209, 0.31000000238418579)
(0.37000000476837158, 0.31999999284744263)
(0.37000000476837158, 0.31999999284744263)
(0.37000000476837158, 0.31999999284744263)
(0.37000000476837158, 0.31999999284744263)
(0.37000000476837158, 0.31999999284744263)
(0.35999998450279236, 0.31000000238418579)
(0.35999998450279236, 0.31000000238418579)
(0.35999998450279236, 0.31000000238418579)
(0.35999998450279236, 0.31000000238418579)
(0.35999998450279236, 0.31000000238418579)
(0.34999999403953552, 0.31000000238418579)
(0.34999999403953552, 0.31000000238418579)
(0.34999999403953552, 0.31000000238418579)
(0.34999999403953552, 0.31000000238418579)
(0.34999999403953552, 0.31000000238418579)
(0.34999999403953552, 0.31000000238418579)
(0.34999999403953552, 0.31000000238418579)
(0.34999999403953552, 0.31000000238418579)
(0.34999999403953552, 0.31000000238418579)
(0.34999999403953552, 0.31000000238418579)
(0.37000000476837158, 0.31999999284744263)
(0.37000000476837158, 0.31999999284744263)
(0.37000000476837158, 0.31999999284744263)
(0.37000000476837158, 0.31999999284744263)
(0.37000000476837158, 0.31999999284744263)
(0.34999999403953552, 0.35999998450279236)
(0.34999999403953552, 0.35999998450279236)
(0.34999999403953552, 0.35999998450279236)
(0.34999999403953552, 0.35999998450279236)
(0.34999999403953552, 0.35999998450279236)
(0.35999998450279236, 0.29999998211860657)
(0.35999998450279236, 0.29999998211860657)
(0.35999998450279236, 0.29999998211860657)
(0.35999998450279236, 0.29999998211860657)
(0.35999998450279236, 0.29999998211860657)
(0.34000000357627869, 0.31000000238418579)
(0.34000000357627869, 0.31000000238418579)
(0.34000000357627869, 0.31000000238418579)
(0.34000000357627869, 0.31000000238418579)
(0.34000000357627869, 0.31000000238418579)
(0.37000000476837158, 0.31999999284744263)
(0.37000000476837158, 0.31999999284744263)
(0.37000000476837158, 0.31999999284744263)
(0.37000000476837158, 0.31999999284744263)
(0.37000000476837158, 0.31999999284744263)
(0.81000000238418579, 1.1399999856948853)
(0.81000000238418579, 1.1399999856948853)
(0.81000000238418579, 1.1399999856948853)
(0.81000000238418579, 1.1399999856948853)
(0.81000000238418579, 1.1399999856948853)
(0.85999995470046997, 1.1299999952316284)
(0.85999995470046997, 1.1299999952316284)
(0.85999995470046997, 1.1299999952316284)
(0.85999995470046997, 1.1299999952316284)
saying: Obstacle lost!
(0.72999995946884155, 1.1499999761581421)
(0.72999995946884155, 1.1499999761581421)
(0.72999995946884155, 1.1499999761581421)
(0.72999995946884155, 1.1499999761581421)
(0.72999995946884155, 1.1499999761581421)
(0.72999995946884155, 1.1499999761581421)
(0.71999996900558472, 1.1399999856948853)
(0.71999996900558472, 1.1399999856948853)
(0.71999996900558472, 1.1399999856948853)
(0.71999996900558472, 1.1399999856948853)
(0.71999996900558472, 1.1399999856948853)
(0.75, 1.1299999952316284)
(0.75, 1.1299999952316284)
(0.75, 1.1299999952316284)
(0.75, 1.1299999952316284)
(0.68999999761581421, 1.1299999952316284)
(0.68999999761581421, 1.1299999952316284)
(0.68999999761581421, 1.1299999952316284)
(0.68999999761581421, 1.1299999952316284)
(0.68999999761581421, 1.1299999952316284)
(0.68999999761581421, 1.1299999952316284)
(0.72999995946884155, 1.1299999952316284)
(0.72999995946884155, 1.1299999952316284)
(0.72999995946884155, 1.1299999952316284)
(0.72999995946884155, 1.1299999952316284)
(0.72999995946884155, 1.1299999952316284)
(0.75, 1.1399999856948853)
(0.75, 1.1399999856948853)
(0.75, 1.1399999856948853)
(0.75, 1.1399999856948853)
(0.64999997615814209, 1.1399999856948853)
(0.64999997615814209, 1.1399999856948853)
(0.64999997615814209, 1.1399999856948853)
(0.64999997615814209, 1.1399999856948853)
(0.64999997615814209, 1.1399999856948853)
(0.64999997615814209, 1.1399999856948853)
(0.69999998807907104, 1.1299999952316284)
(0.69999998807907104, 1.1299999952316284)
(0.69999998807907104, 1.1299999952316284)
(0.69999998807907104, 1.1299999952316284)
(0.69999998807907104, 1.1299999952316284)
(0.77999997138977051, 0.42999997735023499)
(0.77999997138977051, 0.42999997735023499)
(0.77999997138977051, 0.42999997735023499)
(0.77999997138977051, 0.42999997735023499)
(0.77999997138977051, 0.42999997735023499)
(0.47999998927116394, 0.4699999988079071)
(0.47999998927116394, 0.4699999988079071)
(0.47999998927116394, 0.4699999988079071)
(0.47999998927116394, 0.4699999988079071)
(0.47999998927116394, 0.4699999988079071)
(0.50999999046325684, 0.45999997854232788)
(0.50999999046325684, 0.45999997854232788)
(0.50999999046325684, 0.45999997854232788)
(0.50999999046325684, 0.45999997854232788)
(0.50999999046325684, 0.45999997854232788)
(0.47999998927116394, 0.44999998807907104)
(0.47999998927116394, 0.44999998807907104)
(0.47999998927116394, 0.44999998807907104)
(0.47999998927116394, 0.44999998807907104)
(0.47999998927116394, 0.44999998807907104)
(0.74000000953674316, 0.44999998807907104)
(0.74000000953674316, 0.44999998807907104)
(0.74000000953674316, 0.44999998807907104)
(0.74000000953674316, 0.44999998807907104)
(0.74000000953674316, 0.44999998807907104)
(0.4699999988079071, 0.44999998807907104)
(0.4699999988079071, 0.44999998807907104)
(0.4699999988079071, 0.44999998807907104)
(0.4699999988079071, 0.44999998807907104)
(0.4699999988079071, 0.44999998807907104)
(0.47999998927116394, 0.44999998807907104)
(0.47999998927116394, 0.44999998807907104)
(0.47999998927116394, 0.44999998807907104)
(0.47999998927116394, 0.44999998807907104)
(0.47999998927116394, 0.44999998807907104)
(0.62000000476837158, 0.44999998807907104)
(0.62000000476837158, 0.44999998807907104)
(0.62000000476837158, 0.44999998807907104)
(0.62000000476837158, 0.44999998807907104)
(0.62000000476837158, 0.44999998807907104)
saying: Obstacle seen!
Sonar: SEEN obstacle (on right, distance of 0.360000)
(0.5, 0.35999998450279236)
(0.5, 0.35999998450279236)
(0.5, 0.35999998450279236)
(0.5, 0.35999998450279236)
(0.5, 0.35999998450279236)
(0.45999997854232788, 0.34999999403953552)
(0.45999997854232788, 0.34999999403953552)
(0.45999997854232788, 0.34999999403953552)
(0.45999997854232788, 0.34999999403953552)
(0.45999997854232788, 0.34999999403953552)
(0.5, 0.35999998450279236)
(0.5, 0.35999998450279236)
(0.5, 0.35999998450279236)
(0.5, 0.35999998450279236)
(0.5, 0.35999998450279236)
(0.43999999761581421, 0.35999998450279236)
(0.43999999761581421, 0.35999998450279236)
(0.43999999761581421, 0.35999998450279236)
(0.43999999761581421, 0.35999998450279236)
(0.43999999761581421, 0.35999998450279236)
(0.45999997854232788, 0.34999999403953552)
(0.45999997854232788, 0.34999999403953552)
(0.45999997854232788, 0.34999999403953552)
(0.45999997854232788, 0.34999999403953552)
(0.45999997854232788, 0.34999999403953552)
(0.88999998569488525, 0.35999998450279236)
(0.88999998569488525, 0.35999998450279236)
(0.88999998569488525, 0.35999998450279236)
(0.88999998569488525, 0.35999998450279236)
(0.88999998569488525, 0.35999998450279236)
(0.47999998927116394, 0.34999999403953552)
(0.47999998927116394, 0.34999999403953552)
(0.47999998927116394, 0.34999999403953552)
(0.47999998927116394, 0.34999999403953552)
(0.47999998927116394, 0.34999999403953552)
(0.45999997854232788, 0.34999999403953552)
(0.45999997854232788, 0.34999999403953552)
(0.45999997854232788, 0.34999999403953552)
(0.45999997854232788, 0.34999999403953552)
(0.45999997854232788, 0.34999999403953552)
(0.4699999988079071, 0.34999999403953552)
(0.4699999988079071, 0.34999999403953552)
(0.4699999988079071, 0.34999999403953552)
(0.4699999988079071, 0.34999999403953552)
(0.4699999988079071, 0.34999999403953552)
(0.45999997854232788, 0.34999999403953552)
(0.45999997854232788, 0.34999999403953552)
(0.45999997854232788, 0.34999999403953552)
(0.45999997854232788, 0.34999999403953552)
(0.45999997854232788, 0.34999999403953552)
(0.44999998807907104, 0.34999999403953552)
(0.44999998807907104, 0.34999999403953552)
(0.44999998807907104, 0.34999999403953552)
(0.44999998807907104, 0.34999999403953552)
(0.44999998807907104, 0.34999999403953552)
(0.45999997854232788, 0.34000000357627869)
(0.45999997854232788, 0.34000000357627869)
(0.45999997854232788, 0.34000000357627869)
(0.45999997854232788, 0.34000000357627869)
(0.43999999761581421, 0.34000000357627869)
(0.43999999761581421, 0.34000000357627869)
(0.43999999761581421, 0.34000000357627869)
(0.43999999761581421, 0.34000000357627869)
(0.43999999761581421, 0.34000000357627869)
(0.43999999761581421, 0.34000000357627869)
(0.42999997735023499, 0.32999998331069946)
(0.42999997735023499, 0.32999998331069946)
(0.42999997735023499, 0.32999998331069946)
(0.42999997735023499, 0.32999998331069946)
(0.42999997735023499, 0.34000000357627869)
(0.42999997735023499, 0.34000000357627869)
(0.42999997735023499, 0.34000000357627869)
(0.42999997735023499, 0.34000000357627869)
(0.42999997735023499, 0.34000000357627869)
(0.42999997735023499, 0.34000000357627869)
(0.42999997735023499, 0.34000000357627869)
(0.42999997735023499, 0.34000000357627869)
(0.42999997735023499, 0.34000000357627869)
(0.42999997735023499, 0.34000000357627869)
(0.42999997735023499, 0.34000000357627869)
(0.42999997735023499, 0.32999998331069946)
(0.42999997735023499, 0.32999998331069946)
(0.42999997735023499, 0.32999998331069946)
(0.42999997735023499, 0.32999998331069946)
(0.42999997735023499, 0.32999998331069946)
(0.45999997854232788, 0.34000000357627869)
(0.45999997854232788, 0.34000000357627869)
(0.45999997854232788, 0.34000000357627869)
(0.45999997854232788, 0.34000000357627869)
(0.45999997854232788, 0.34000000357627869)
(0.4699999988079071, 0.37000000476837158)
(0.4699999988079071, 0.37000000476837158)
(0.4699999988079071, 0.37000000476837158)
(0.4699999988079071, 0.37000000476837158)
(0.4699999988079071, 0.37000000476837158)
(0.47999998927116394, 0.34999999403953552)
(0.47999998927116394, 0.34999999403953552)
(0.47999998927116394, 0.34999999403953552)
(0.47999998927116394, 0.34999999403953552)
(0.47999998927116394, 0.34999999403953552)
(0.76999998092651367, 0.43999999761581421)
(0.76999998092651367, 0.43999999761581421)
(0.76999998092651367, 0.43999999761581421)
(0.76999998092651367, 0.43999999761581421)
(0.76999998092651367, 0.43999999761581421)
(0.76999998092651367, 1.1200000047683716)
(0.76999998092651367, 1.1200000047683716)
(0.76999998092651367, 1.1200000047683716)
(0.76999998092651367, 1.1200000047683716)
(0.76999998092651367, 1.1200000047683716)
saying: Obstacle lost!
(0.76999998092651367, 1.1399999856948853)
(0.76999998092651367, 1.1399999856948853)
(0.76999998092651367, 1.1399999856948853)
(0.76999998092651367, 1.1399999856948853)
(0.76999998092651367, 1.1399999856948853)
(0.79999995231628418, 1.1299999952316284)
(0.79999995231628418, 1.1299999952316284)
(0.79999995231628418, 1.1299999952316284)
(0.79999995231628418, 1.1299999952316284)
(0.79999995231628418, 1.1299999952316284)
(0.79999995231628418, 1.1399999856948853)
(0.79999995231628418, 1.1399999856948853)
(0.79999995231628418, 1.1399999856948853)
(0.79999995231628418, 1.1399999856948853)
(0.68999999761581421, 1.1299999952316284)
(0.68999999761581421, 1.1299999952316284)
(0.68999999761581421, 1.1299999952316284)
(0.68999999761581421, 1.1299999952316284)
(0.68999999761581421, 1.1299999952316284)
(0.50999999046325684, 1.1399999856948853)
(0.50999999046325684, 1.1399999856948853)
(0.50999999046325684, 1.1399999856948853)
(0.50999999046325684, 1.1399999856948853)
(0.50999999046325684, 1.1399999856948853)
(0.50999999046325684, 1.1399999856948853)
(0.64999997615814209, 1.1399999856948853)
(0.64999997615814209, 1.1399999856948853)
(0.64999997615814209, 1.1399999856948853)
(0.64999997615814209, 1.1399999856948853)
(0.64999997615814209, 1.1399999856948853)
(0.65999996662139893, 1.1299999952316284)
(0.65999996662139893, 1.1299999952316284)
(0.65999996662139893, 1.1299999952316284)
(0.65999996662139893, 1.1299999952316284)
(0.8399999737739563, 1.1200000047683716)
(0.8399999737739563, 1.1200000047683716)
(0.8399999737739563, 1.1200000047683716)
(0.8399999737739563, 1.1200000047683716)
(0.8399999737739563, 1.1200000047683716)
(0.8399999737739563, 1.1200000047683716)
(0.78999996185302734, 1.1399999856948853)
(0.78999996185302734, 1.1399999856948853)
(0.78999996185302734, 1.1399999856948853)
(0.78999996185302734, 1.1399999856948853)
(0.78999996185302734, 1.1399999856948853)
(0.79999995231628418, 1.1299999952316284)
(0.79999995231628418, 1.1299999952316284)
(0.79999995231628418, 1.1299999952316284)
(0.79999995231628418, 1.1299999952316284)
(0.79999995231628418, 1.1299999952316284)
(0.53999996185302734, 0.44999998807907104)
(0.53999996185302734, 0.44999998807907104)
(0.53999996185302734, 0.44999998807907104)
(0.53999996185302734, 0.44999998807907104)
(0.53999996185302734, 0.44999998807907104)
saying: Obstacle seen!
Sonar: SEEN obstacle (on right, distance of 0.390000)
(0.64999997615814209, 0.38999998569488525)
(0.64999997615814209, 0.38999998569488525)
(0.64999997615814209, 0.38999998569488525)
(0.64999997615814209, 0.38999998569488525)
(0.64999997615814209, 0.38999998569488525)
(0.77999997138977051, 0.44999998807907104)
(0.77999997138977051, 0.44999998807907104)
(0.77999997138977051, 0.44999998807907104)
(0.77999997138977051, 0.44999998807907104)
(0.77999997138977051, 0.44999998807907104)
(0.4699999988079071, 0.37999999523162842)
(0.4699999988079071, 0.37999999523162842)
(0.4699999988079071, 0.37999999523162842)
(0.4699999988079071, 0.37999999523162842)
(0.4699999988079071, 0.37999999523162842)
(0.68000000715255737, 0.37999999523162842)
(0.68000000715255737, 0.37999999523162842)
(0.68000000715255737, 0.37999999523162842)
(0.68000000715255737, 0.37999999523162842)
(0.68000000715255737, 0.37999999523162842)
(0.44999998807907104, 0.35999998450279236)
(0.44999998807907104, 0.35999998450279236)
(0.44999998807907104, 0.35999998450279236)
(0.44999998807907104, 0.35999998450279236)
(0.44999998807907104, 0.35999998450279236)
(0.44999998807907104, 0.34999999403953552)
(0.44999998807907104, 0.34999999403953552)
(0.44999998807907104, 0.34999999403953552)
(0.44999998807907104, 0.34999999403953552)
(0.44999998807907104, 0.34999999403953552)
(0.45999997854232788, 0.34999999403953552)
(0.45999997854232788, 0.34999999403953552)
(0.45999997854232788, 0.34999999403953552)
(0.45999997854232788, 0.34999999403953552)
(0.45999997854232788, 0.34999999403953552)
(0.5, 0.35999998450279236)
(0.5, 0.35999998450279236)
(0.5, 0.35999998450279236)
(0.5, 0.35999998450279236)
(0.5, 0.35999998450279236)
(0.44999998807907104, 0.34999999403953552)
(0.44999998807907104, 0.34999999403953552)
(0.44999998807907104, 0.34999999403953552)
(0.44999998807907104, 0.34999999403953552)
(0.44999998807907104, 0.34999999403953552)
(0.47999998927116394, 0.34999999403953552)
(0.47999998927116394, 0.34999999403953552)
(0.47999998927116394, 0.34999999403953552)
(0.47999998927116394, 0.34999999403953552)
(0.47999998927116394, 0.34999999403953552)
(0.44999998807907104, 0.34999999403953552)
(0.44999998807907104, 0.34999999403953552)
(0.44999998807907104, 0.34999999403953552)
(0.44999998807907104, 0.34999999403953552)
(0.44999998807907104, 0.34999999403953552)
(0.42999997735023499, 0.37999999523162842)
(0.42999997735023499, 0.37999999523162842)
(0.42999997735023499, 0.37999999523162842)
(0.42999997735023499, 0.37999999523162842)
(0.42999997735023499, 0.37999999523162842)
(0.53999996185302734, 0.5)
(0.53999996185302734, 0.5)
(0.53999996185302734, 0.5)
(0.53999996185302734, 0.5)
(0.53999996185302734, 0.5)
(0.65999996662139893, 1.1200000047683716)
(0.65999996662139893, 1.1200000047683716)
(0.65999996662139893, 1.1200000047683716)
(0.65999996662139893, 1.1200000047683716)
(0.65999996662139893, 1.1200000047683716)
saying: Obstacle lost!
(0.47999998927116394, 1.1299999952316284)
(0.47999998927116394, 1.1299999952316284)
(0.47999998927116394, 1.1299999952316284)
(0.47999998927116394, 1.1299999952316284)
(0.72999995946884155, 1.1399999856948853)
(0.72999995946884155, 1.1399999856948853)
(0.72999995946884155, 1.1399999856948853)
(0.72999995946884155, 1.1399999856948853)
(0.72999995946884155, 1.1399999856948853)
(0.72999995946884155, 1.1399999856948853)
(0.82999998331069946, 1.1299999952316284)
(0.82999998331069946, 1.1299999952316284)
(0.82999998331069946, 1.1299999952316284)
(0.82999998331069946, 1.1299999952316284)
(0.82999998331069946, 1.1299999952316284)
(0.68000000715255737, 1.1200000047683716)
(0.68000000715255737, 1.1200000047683716)
(0.68000000715255737, 1.1200000047683716)
(0.68000000715255737, 1.1200000047683716)
(0.78999996185302734, 1.1299999952316284)
(0.78999996185302734, 1.1299999952316284)
(0.78999996185302734, 1.1299999952316284)
(0.78999996185302734, 1.1299999952316284)
(0.78999996185302734, 1.1299999952316284)
(0.78999996185302734, 1.1299999952316284)
(0.48999997973442078, 1.1399999856948853)
(0.48999997973442078, 1.1399999856948853)
(0.48999997973442078, 1.1399999856948853)
(0.48999997973442078, 1.1399999856948853)
(0.48999997973442078, 1.1399999856948853)
(0.78999996185302734, 1.1399999856948853)
(0.78999996185302734, 1.1399999856948853)
(0.78999996185302734, 1.1399999856948853)
(0.78999996185302734, 1.1399999856948853)
(0.78999996185302734, 1.1399999856948853)
(0.82999998331069946, 0.44999998807907104)
(0.82999998331069946, 0.44999998807907104)
(0.82999998331069946, 0.44999998807907104)
(0.82999998331069946, 0.44999998807907104)
(0.82999998331069946, 0.44999998807907104)
saying: Obstacle seen!
Sonar: SEEN obstacle (on right, distance of 0.370000)
(0.52999997138977051, 0.37000000476837158)
(0.52999997138977051, 0.37000000476837158)
(0.52999997138977051, 0.37000000476837158)
(0.52999997138977051, 0.37000000476837158)
(0.52999997138977051, 0.37000000476837158)
(0.39999997615814209, 0.31999999284744263)
(0.39999997615814209, 0.31999999284744263)
(0.39999997615814209, 0.31999999284744263)
(0.39999997615814209, 0.31999999284744263)
(0.39999997615814209, 0.31999999284744263)
(0.34000000357627869, 0.31000000238418579)
(0.34000000357627869, 0.31000000238418579)
(0.34000000357627869, 0.31000000238418579)
(0.34000000357627869, 0.31000000238418579)
(0.34000000357627869, 0.31000000238418579)
(0.32999998331069946, 0.31000000238418579)
(0.32999998331069946, 0.31000000238418579)
(0.32999998331069946, 0.31000000238418579)
(0.32999998331069946, 0.31000000238418579)
(0.32999998331069946, 0.31000000238418579)
(0.37000000476837158, 0.31999999284744263)
(0.37000000476837158, 0.31999999284744263)
(0.37000000476837158, 0.31999999284744263)
(0.37000000476837158, 0.31999999284744263)
(0.37000000476837158, 0.31999999284744263)
(0.32999998331069946, 0.31000000238418579)
(0.32999998331069946, 0.31000000238418579)
(0.32999998331069946, 0.31000000238418579)
(0.32999998331069946, 0.31000000238418579)
(0.32999998331069946, 0.31000000238418579)
(0.32999998331069946, 0.31000000238418579)
(0.32999998331069946, 0.31000000238418579)
(0.32999998331069946, 0.31000000238418579)
(0.32999998331069946, 0.31000000238418579)
(0.32999998331069946, 0.31000000238418579)
(0.34000000357627869, 0.31999999284744263)
(0.34000000357627869, 0.31999999284744263)
(0.34000000357627869, 0.31999999284744263)
(0.34000000357627869, 0.31999999284744263)
(0.34000000357627869, 0.31999999284744263)
(0.32999998331069946, 0.35999998450279236)
(0.32999998331069946, 0.35999998450279236)
(0.32999998331069946, 0.35999998450279236)
(0.32999998331069946, 0.35999998450279236)
(0.34999999403953552, 0.31999999284744263)
(0.34999999403953552, 0.31999999284744263)
(0.34999999403953552, 0.31999999284744263)
(0.34999999403953552, 0.31999999284744263)
(0.34999999403953552, 0.31999999284744263)
(0.34999999403953552, 0.31999999284744263)
(0.45999997854232788, 0.56999999284744263)
(0.45999997854232788, 0.56999999284744263)
(0.45999997854232788, 0.56999999284744263)
(0.45999997854232788, 0.56999999284744263)
(0.45999997854232788, 0.56999999284744263)
(0.74000000953674316, 0.76999998092651367)
(0.74000000953674316, 0.76999998092651367)
(0.74000000953674316, 0.76999998092651367)
(0.74000000953674316, 0.76999998092651367)
saying: Obstacle lost!
(0.65999996662139893, 0.81000000238418579)
(0.65999996662139893, 0.81000000238418579)
(0.65999996662139893, 0.81000000238418579)
(0.65999996662139893, 0.81000000238418579)
(0.65999996662139893, 0.81000000238418579)
(0.65999996662139893, 0.81000000238418579)
(0.72999995946884155, 0.81999999284744263)
(0.72999995946884155, 0.81999999284744263)
(0.72999995946884155, 0.81999999284744263)
(0.72999995946884155, 0.81999999284744263)
(0.72999995946884155, 0.81999999284744263)
(0.74000000953674316, 0.82999998331069946)
(0.74000000953674316, 0.82999998331069946)
(0.74000000953674316, 0.82999998331069946)
(0.74000000953674316, 0.82999998331069946)
(0.71999996900558472, 0.82999998331069946)
(0.71999996900558472, 0.82999998331069946)
(0.71999996900558472, 0.82999998331069946)
(0.71999996900558472, 0.82999998331069946)
(0.71999996900558472, 0.82999998331069946)
(0.71999996900558472, 0.82999998331069946)
(0.75, 0.52999997138977051)
(0.75, 0.52999997138977051)
(0.75, 0.52999997138977051)
(0.75, 0.52999997138977051)
(0.75, 0.52999997138977051)
(0.44999998807907104, 0.43999999761581421)
(0.44999998807907104, 0.43999999761581421)
(0.44999998807907104, 0.43999999761581421)
(0.44999998807907104, 0.43999999761581421)
(0.44999998807907104, 0.43999999761581421)
(0.44999998807907104, 0.43999999761581421)
(0.44999998807907104, 0.43999999761581421)
(0.44999998807907104, 0.43999999761581421)
(0.44999998807907104, 0.43999999761581421)
(0.44999998807907104, 0.43999999761581421)
(0.68999999761581421, 0.44999998807907104)
(0.68999999761581421, 0.44999998807907104)
(0.68999999761581421, 0.44999998807907104)
(0.68999999761581421, 0.44999998807907104)
(0.68999999761581421, 0.44999998807907104)
(0.4699999988079071, 0.43999999761581421)
(0.4699999988079071, 0.43999999761581421)
(0.4699999988079071, 0.43999999761581421)
(0.4699999988079071, 0.43999999761581421)
(0.4699999988079071, 0.43999999761581421)
(0.68000000715255737, 0.43999999761581421)
(0.68000000715255737, 0.43999999761581421)
(0.68000000715255737, 0.43999999761581421)
(0.68000000715255737, 0.43999999761581421)
(0.68000000715255737, 0.43999999761581421)
(0.45999997854232788, 0.43999999761581421)
(0.45999997854232788, 0.43999999761581421)
(0.45999997854232788, 0.43999999761581421)
(0.45999997854232788, 0.43999999761581421)
(0.45999997854232788, 0.43999999761581421)
(0.4699999988079071, 0.42999997735023499)
(0.4699999988079071, 0.42999997735023499)
(0.4699999988079071, 0.42999997735023499)
(0.4699999988079071, 0.42999997735023499)
(0.4699999988079071, 0.42999997735023499)
(0.45999997854232788, 0.42999997735023499)
(0.45999997854232788, 0.42999997735023499)
(0.45999997854232788, 0.42999997735023499)
(0.45999997854232788, 0.42999997735023499)
(0.45999997854232788, 0.42999997735023499)
(0.45999997854232788, 0.42999997735023499)
(0.45999997854232788, 0.42999997735023499)
(0.45999997854232788, 0.42999997735023499)
(0.45999997854232788, 0.42999997735023499)
(0.45999997854232788, 0.42999997735023499)
(0.43999999761581421, 0.45999997854232788)
(0.43999999761581421, 0.45999997854232788)
(0.43999999761581421, 0.45999997854232788)
(0.43999999761581421, 0.45999997854232788)
(0.43999999761581421, 0.45999997854232788)
(0.61000001430511475, 0.68999999761581421)
(0.61000001430511475, 0.68999999761581421)
(0.61000001430511475, 0.68999999761581421)
(0.61000001430511475, 0.68999999761581421)
(0.52999997138977051, 0.75999999046325684)
(0.52999997138977051, 0.75999999046325684)
(0.52999997138977051, 0.75999999046325684)
(0.52999997138977051, 0.75999999046325684)
(0.52999997138977051, 0.75999999046325684)
(0.52999997138977051, 0.75999999046325684)
saying: Obstacle seen!
Sonar: SEEN obstacle (on right, distance of 0.290000)
(0.75999999046325684, 0.28999999165534973)
(0.75999999046325684, 0.28999999165534973)
(0.75999999046325684, 0.28999999165534973)
(0.75999999046325684, 0.28999999165534973)
(0.75999999046325684, 0.28999999165534973)
(0.72999995946884155, 0.75)
(0.72999995946884155, 0.75)
(0.72999995946884155, 0.75)
(0.72999995946884155, 0.75)
(0.76999998092651367, 0.76999998092651367)
(0.76999998092651367, 0.76999998092651367)
(0.76999998092651367, 0.76999998092651367)
(0.76999998092651367, 0.76999998092651367)
(0.76999998092651367, 0.76999998092651367)
(0.76999998092651367, 0.76999998092651367)
saying: Obstacle lost!
(0.8399999737739563, 0.76999998092651367)
(0.8399999737739563, 0.76999998092651367)
(0.8399999737739563, 0.76999998092651367)
(0.8399999737739563, 0.76999998092651367)
(0.8399999737739563, 0.76999998092651367)
(0.77999997138977051, 0.76999998092651367)
(0.77999997138977051, 0.76999998092651367)
(0.77999997138977051, 0.76999998092651367)
(0.77999997138977051, 0.76999998092651367)
(0.75, 0.75)
(0.75, 0.75)
(0.75, 0.75)
(0.75, 0.75)
(0.75, 0.75)
(0.75, 0.75)
(0.85999995470046997, 0.78999996185302734)
(0.85999995470046997, 0.78999996185302734)
(0.85999995470046997, 0.78999996185302734)
(0.85999995470046997, 0.78999996185302734)
(0.85999995470046997, 0.78999996185302734)
(0.50999999046325684, 0.78999996185302734)
(0.50999999046325684, 0.78999996185302734)
(0.50999999046325684, 0.78999996185302734)
(0.50999999046325684, 0.78999996185302734)
(0.50999999046325684, 0.78999996185302734)
(0.72999995946884155, 1.1299999952316284)
(0.72999995946884155, 1.1299999952316284)
(0.72999995946884155, 1.1299999952316284)
(0.72999995946884155, 1.1299999952316284)
(0.72999995946884155, 1.1299999952316284)
(0.69999998807907104, 0.75)
(0.69999998807907104, 0.75)
(0.69999998807907104, 0.75)
(0.69999998807907104, 0.75)
(0.69999998807907104, 0.75)
(0.61000001430511475, 0.66999995708465576)
(0.61000001430511475, 0.66999995708465576)
(0.61000001430511475, 0.66999995708465576)
(0.61000001430511475, 0.66999995708465576)
(0.61000001430511475, 0.66999995708465576)
(0.50999999046325684, 0.41999998688697815)
(0.50999999046325684, 0.41999998688697815)
(0.50999999046325684, 0.41999998688697815)
(0.50999999046325684, 0.41999998688697815)
(0.50999999046325684, 0.41999998688697815)
saying: Obstacle seen!
Sonar: SEEN obstacle (on center, distance of 0.380000)
(0.39999997615814209, 0.37999999523162842)
(0.39999997615814209, 0.37999999523162842)
(0.39999997615814209, 0.37999999523162842)
(0.39999997615814209, 0.37999999523162842)
(0.39999997615814209, 0.37999999523162842)
(0.40999999642372131, 0.38999998569488525)
(0.40999999642372131, 0.38999998569488525)
(0.40999999642372131, 0.38999998569488525)
(0.40999999642372131, 0.38999998569488525)
(0.40999999642372131, 0.38999998569488525)
(0.41999998688697815, 0.37999999523162842)
(0.41999998688697815, 0.37999999523162842)
(0.41999998688697815, 0.37999999523162842)
(0.41999998688697815, 0.37999999523162842)
(0.41999998688697815, 0.37999999523162842)
(0.39999997615814209, 0.37999999523162842)
(0.39999997615814209, 0.37999999523162842)
(0.39999997615814209, 0.37999999523162842)
(0.39999997615814209, 0.37999999523162842)
(0.39999997615814209, 0.37999999523162842)
(0.39999997615814209, 0.37999999523162842)
(0.39999997615814209, 0.37999999523162842)
(0.39999997615814209, 0.37999999523162842)
(0.39999997615814209, 0.37999999523162842)
(0.39999997615814209, 0.37999999523162842)
(0.39999997615814209, 0.44999998807907104)
(0.39999997615814209, 0.44999998807907104)
(0.39999997615814209, 0.44999998807907104)
(0.39999997615814209, 0.44999998807907104)
(0.66999995708465576, 0.74000000953674316)
(0.66999995708465576, 0.74000000953674316)
(0.66999995708465576, 0.74000000953674316)
(0.66999995708465576, 0.74000000953674316)
(0.66999995708465576, 0.74000000953674316)
(0.66999995708465576, 0.74000000953674316)
(0.62000000476837158, 0.75999999046325684)
(0.62000000476837158, 0.75999999046325684)
(0.62000000476837158, 0.75999999046325684)
(0.62000000476837158, 0.75999999046325684)
(0.62000000476837158, 0.75999999046325684)
saying: Obstacle lost!
(0.81000000238418579, 0.77999997138977051)
(0.81000000238418579, 0.77999997138977051)
(0.81000000238418579, 0.77999997138977051)
(0.81000000238418579, 0.77999997138977051)
(0.68000000715255737, 1.1399999856948853)
(0.68000000715255737, 1.1399999856948853)
(0.68000000715255737, 1.1399999856948853)
(0.68000000715255737, 1.1399999856948853)
(0.68000000715255737, 1.1399999856948853)
(0.68000000715255737, 1.1399999856948853)
(0.57999998331069946, 0.89999997615814209)
(0.57999998331069946, 0.89999997615814209)
(0.57999998331069946, 0.89999997615814209)
(0.57999998331069946, 0.89999997615814209)
(0.57999998331069946, 0.89999997615814209)
(0.63999998569488525, 0.93999999761581421)
(0.63999998569488525, 0.93999999761581421)
(0.63999998569488525, 0.93999999761581421)
(0.63999998569488525, 0.93999999761581421)
(0.63999998569488525, 0.81000000238418579)
(0.63999998569488525, 0.81000000238418579)
(0.63999998569488525, 0.81000000238418579)
(0.63999998569488525, 0.81000000238418579)
(0.63999998569488525, 0.81000000238418579)
(0.63999998569488525, 0.81000000238418579)
(0.75999999046325684, 0.79999995231628418)
(0.75999999046325684, 0.79999995231628418)
(0.75999999046325684, 0.79999995231628418)
(0.75999999046325684, 0.79999995231628418)
(0.75999999046325684, 0.79999995231628418)
(0.71999996900558472, 1.1399999856948853)
(0.71999996900558472, 1.1399999856948853)
(0.71999996900558472, 1.1399999856948853)
(0.71999996900558472, 1.1399999856948853)
(0.45999997854232788, 1.1399999856948853)
(0.45999997854232788, 1.1399999856948853)
(0.45999997854232788, 1.1399999856948853)
(0.45999997854232788, 1.1399999856948853)
(0.45999997854232788, 1.1399999856948853)
(0.45999997854232788, 1.1399999856948853)
(0.62999999523162842, 1.1299999952316284)
(0.62999999523162842, 1.1299999952316284)
(0.62999999523162842, 1.1299999952316284)
(0.62999999523162842, 1.1299999952316284)
(0.62999999523162842, 1.1299999952316284)
(0.65999996662139893, 0.56999999284744263)
(0.65999996662139893, 0.56999999284744263)
(0.65999996662139893, 0.56999999284744263)
(0.65999996662139893, 0.56999999284744263)
(0.65999996662139893, 0.56999999284744263)
(0.44999998807907104, 0.41999998688697815)
(0.44999998807907104, 0.41999998688697815)
(0.44999998807907104, 0.41999998688697815)
(0.44999998807907104, 0.41999998688697815)
(0.44999998807907104, 0.41999998688697815)
saying: Obstacle seen!
Sonar: SEEN obstacle (on center, distance of 0.390000)
(0.39999997615814209, 0.38999998569488525)
(0.39999997615814209, 0.38999998569488525)
(0.39999997615814209, 0.38999998569488525)
(0.39999997615814209, 0.38999998569488525)
(0.39999997615814209, 0.38999998569488525)
(0.40999999642372131, 0.39999997615814209)
(0.40999999642372131, 0.39999997615814209)
(0.40999999642372131, 0.39999997615814209)
(0.40999999642372131, 0.39999997615814209)
(0.40999999642372131, 0.39999997615814209)
(0.40999999642372131, 0.38999998569488525)
(0.40999999642372131, 0.38999998569488525)
(0.40999999642372131, 0.38999998569488525)
(0.40999999642372131, 0.38999998569488525)
(0.40999999642372131, 0.38999998569488525)
(0.41999998688697815, 0.39999997615814209)
(0.41999998688697815, 0.39999997615814209)
(0.41999998688697815, 0.39999997615814209)
(0.41999998688697815, 0.39999997615814209)
(0.41999998688697815, 0.39999997615814209)
(0.40999999642372131, 1.1000000238418579)
(0.40999999642372131, 1.1000000238418579)
(0.40999999642372131, 1.1000000238418579)
(0.40999999642372131, 1.1000000238418579)
(0.40999999642372131, 1.1000000238418579)
(0.69999998807907104, 1.1000000238418579)
(0.69999998807907104, 1.1000000238418579)
(0.69999998807907104, 1.1000000238418579)
(0.69999998807907104, 1.1000000238418579)
(0.69999998807907104, 1.1000000238418579)
saying: Obstacle lost!
(0.75999999046325684, 1.1399999856948853)
(0.75999999046325684, 1.1399999856948853)
(0.75999999046325684, 1.1399999856948853)
(0.75999999046325684, 1.1399999856948853)
(0.75999999046325684, 1.1399999856948853)
(0.77999997138977051, 1.0699999332427979)
(0.77999997138977051, 1.0699999332427979)
(0.77999997138977051, 1.0699999332427979)
(0.77999997138977051, 1.0699999332427979)
(0.77999997138977051, 1.0699999332427979)
(0.85999995470046997, 1.1399999856948853)
(0.85999995470046997, 1.1399999856948853)
(0.85999995470046997, 1.1399999856948853)
(0.85999995470046997, 1.1399999856948853)
(0.85999995470046997, 1.1399999856948853)
(0.63999998569488525, 1.1100000143051147)
(0.63999998569488525, 1.1100000143051147)
(0.63999998569488525, 1.1100000143051147)
(0.63999998569488525, 1.1100000143051147)
(0.63999998569488525, 1.1100000143051147)
(0.85999995470046997, 1.0799999237060547)
(0.85999995470046997, 1.0799999237060547)
(0.85999995470046997, 1.0799999237060547)
(0.85999995470046997, 1.0799999237060547)
(0.85999995470046997, 1.0799999237060547)
(0.68000000715255737, 1.1100000143051147)
(0.68000000715255737, 1.1100000143051147)
(0.68000000715255737, 1.1100000143051147)
(0.68000000715255737, 1.1100000143051147)
(0.68000000715255737, 1.1100000143051147)
(0.70999997854232788, 1.1299999952316284)
(0.70999997854232788, 1.1299999952316284)
(0.70999997854232788, 1.1299999952316284)
(0.70999997854232788, 1.1299999952316284)
(0.70999997854232788, 1.1299999952316284)
(0.75999999046325684, 1.1299999952316284)
(0.75999999046325684, 1.1299999952316284)
(0.75999999046325684, 1.1299999952316284)
(0.75999999046325684, 1.1299999952316284)
(0.75999999046325684, 1.1299999952316284)
(0.6999999