(0.89999997615814209, 1.1000000238418579)
(0.89999997615814209, 1.1000000238418579)
(0.62000000476837158, 1.1000000238418579)
(0.62000000476837158, 1.1000000238418579)
(0.62000000476837158, 1.1000000238418579)
(0.62000000476837158, 1.1000000238418579)
(0.62000000476837158, 1.1000000238418579)
(0.62000000476837158, 1.1000000238418579)
(0.62000000476837158, 1.1000000238418579)
(0.62000000476837158, 1.1000000238418579)
saying: Obstacle lost!
(0.66999995708465576, 1.0900000333786011)
(0.66999995708465576, 1.0900000333786011)
(0.66999995708465576, 1.0900000333786011)
(0.78999996185302734, 1.1000000238418579)
(0.78999996185302734, 1.1000000238418579)
(0.65999996662139893, 1.1100000143051147)
(0.65999996662139893, 1.1100000143051147)
(0.65999996662139893, 1.1100000143051147)
(0.70999997854232788, 1.1299999952316284)
(0.70999997854232788, 1.1299999952316284)
(0.57999998331069946, 1.1000000238418579)
(0.57999998331069946, 1.1000000238418579)
(0.45999997854232788, 1.1200000047683716)
(0.45999997854232788, 1.1200000047683716)
(0.45999997854232788, 1.1200000047683716)
saying: Obstacle seen!
Sonar: SEEN obstacle (on left, distance of 0.330000)
(0.32999998331069946, 1.0900000333786011)
(0.32999998331069946, 1.0900000333786011)
(0.37000000476837158, 1.0900000333786011)
(0.37000000476837158, 1.0900000333786011)
(0.37000000476837158, 1.0900000333786011)
(0.22999998927116394, 1.0799999237060547)
(0.22999998927116394, 1.0799999237060547)
(0.22999998927116394, 1.0799999237060547)
(0.23999999463558197, 1.1100000143051147)
(0.23999999463558197, 1.1100000143051147)
(0.22999998927116394, 1.3199999332427979)
(0.22999998927116394, 1.3199999332427979)
(0.22999998927116394, 1.3199999332427979)
(0.22999998927116394, 1.1200000047683716)
(0.22999998927116394, 1.1200000047683716)
(0.90999996662139893, 1.1200000047683716)
(0.90999996662139893, 1.1200000047683716)
(0.94999998807907104, 1.1100000143051147)
(0.94999998807907104, 1.1100000143051147)
(0.94999998807907104, 1.1100000143051147)
saying: Obstacle lost!
(0.82999998331069946, 1.4299999475479126)
(0.82999998331069946, 1.4299999475479126)
(0.82999998331069946, 1.4299999475479126)
saying: Obstacle seen!
Sonar: SEEN obstacle (on left, distance of 0.360000)
(0.35999998450279236, 1.1200000047683716)
(0.35999998450279236, 1.1200000047683716)
(0.23999999463558197, 1.1000000238418579)
(0.23999999463558197, 1.1000000238418579)
(0.23999999463558197, 1.1000000238418579)
(0.22999998927116394, 0.68999999761581421)
(0.22999998927116394, 0.68999999761581421)
(0.22999998927116394, 1.559999942779541)
(0.22999998927116394, 1.559999942779541)
(0.22999998927116394, 1.559999942779541)
(0.23999999463558197, 1.5099999904632568)
(0.23999999463558197, 1.5099999904632568)
(0.23999999463558197, 1.5099999904632568)
(1.5, 1.1499999761581421)
(1.5, 1.1499999761581421)
(0.23999999463558197, 1.5)
(0.23999999463558197, 1.5)
(0.23999999463558197, 1.5099999904632568)
(0.23999999463558197, 1.5099999904632568)
saying: I'm back on my feet
(0.23999999463558197, 1.5099999904632568)
(0.22999998927116394, 1.1899999380111694)
(0.22999998927116394, 1.1899999380111694)
(0.23999999463558197, 1.4099999666213989)
(0.23999999463558197, 1.4099999666213989)
(0.23999999463558197, 1.4099999666213989)
(1.0, 1.3799999952316284)
(1.0, 1.3799999952316284)
(1.0, 1.3799999952316284)
(0.89999997615814209, 1.1799999475479126)
(0.89999997615814209, 1.1799999475479126)
saying: Obstacle lost!
(0.93999999761581421, 1.1499999761581421)
(0.93999999761581421, 1.1499999761581421)
(0.82999998331069946, 1.1299999952316284)
(0.82999998331069946, 1.1299999952316284)
(0.82999998331069946, 1.1299999952316284)
(0.69999998807907104, 1.5)
(0.69999998807907104, 1.5)
(0.4699999988079071, 1.2200000286102295)
(0.4699999988079071, 1.2200000286102295)
(0.4699999988079071, 1.2200000286102295)
(0.50999999046325684, 1.3399999141693115)
(0.50999999046325684, 1.3399999141693115)
(0.50999999046325684, 1.3399999141693115)
(0.53999996185302734, 1.5199999809265137)
(0.53999996185302734, 1.5199999809265137)
(0.45999997854232788, 1.5699999332427979)
(0.45999997854232788, 1.5699999332427979)
(0.45999997854232788, 1.5399999618530273)
(0.45999997854232788, 1.5399999618530273)
(0.45999997854232788, 1.5399999618530273)
saying: Obstacle seen!
Sonar: SEEN obstacle (on left, distance of 0.240000)
(0.23999999463558197, 1.5699999332427979)
(0.23999999463558197, 1.5699999332427979)
(0.29999998211860657, 1.1599999666213989)
(0.29999998211860657, 1.1599999666213989)
(0.29999998211860657, 1.1599999666213989)
(0.23999999463558197, 1.5199999809265137)
(0.23999999463558197, 1.5199999809265137)
(0.23999999463558197, 1.4900000095367432)
(0.23999999463558197, 1.4900000095367432)
(0.23999999463558197, 1.4900000095367432)
(0.23999999463558197, 1.2699999809265137)
(0.23999999463558197, 1.2699999809265137)
(0.22999998927116394, 1.4399999380111694)
(0.22999998927116394, 1.4399999380111694)
(0.22999998927116394, 1.4399999380111694)
(0.23999999463558197, 1.1999999284744263)
(0.23999999463558197, 1.1999999284744263)
(0.23999999463558197, 1.1999999284744263)
(0.23999999463558197, 1.1999999284744263)
(0.23999999463558197, 1.1999999284744263)
(0.97999995946884155, 1.2599999904632568)
(0.97999995946884155, 1.2599999904632568)
(0.87000000476837158, 1.5299999713897705)
(0.87000000476837158, 1.5299999713897705)
saying: Obstacle lost!
(0.94999998807907104, 1.1499999761581421)
(0.94999998807907104, 1.1499999761581421)
(0.94999998807907104, 1.1499999761581421)
(0.8399999737739563, 1.4699999094009399)
(0.8399999737739563, 1.4699999094009399)
(0.8399999737739563, 1.4699999094009399)
saying: Obstacle seen!
Sonar: SEEN obstacle (on right, distance of 0.230000)
(0.88999998569488525, 0.22999998927116394)
(0.88999998569488525, 0.22999998927116394)
(0.64999997615814209, 1.5)
(0.64999997615814209, 1.5)
(0.64999997615814209, 1.5)
(0.66999995708465576, 1.3799999952316284)
(0.66999995708465576, 1.3799999952316284)
saying: Obstacle lost!
(0.70999997854232788, 1.2200000286102295)
(0.70999997854232788, 1.2200000286102295)
(0.62000000476837158, 1.2200000286102295)
(0.62000000476837158, 1.2200000286102295)
(0.62000000476837158, 1.2200000286102295)
(0.65999996662139893, 1.3299999237060547)
(0.65999996662139893, 1.3299999237060547)
(0.65999996662139893, 1.3299999237060547)
(0.52999997138977051, 1.4299999475479126)
(0.52999997138977051, 1.4299999475479126)
(0.40999999642372131, 1.3600000143051147)
(0.40999999642372131, 1.3600000143051147)
(0.40999999642372131, 1.3600000143051147)
saying: Obstacle seen!
Sonar: SEEN obstacle (on left, distance of 0.270000)
(0.26999998092651367, 1.2599999904632568)
(0.26999998092651367, 1.2599999904632568)
(0.22999998927116394, 1.1299999952316284)
(0.22999998927116394, 1.1299999952316284)
(0.22999998927116394, 1.1299999952316284)
(0.25999999046325684, 1.1100000143051147)
(0.25999999046325684, 1.1100000143051147)
(0.23999999463558197, 1.1399999856948853)
(0.23999999463558197, 1.1399999856948853)
(0.23999999463558197, 1.1399999856948853)
(0.23999999463558197, 1.1599999666213989)
(0.23999999463558197, 1.1599999666213989)
(0.23999999463558197, 1.2799999713897705)
(0.23999999463558197, 1.2799999713897705)
(0.23999999463558197, 1.2799999713897705)
(0.23999999463558197, 1.2300000190734863)
(0.23999999463558197, 1.2300000190734863)
(0.23999999463558197, 0.25)
(0.23999999463558197, 0.25)
(0.23999999463558197, 0.25)
(0.23999999463558197, 1.5499999523162842)
(0.23999999463558197, 1.5499999523162842)
(0.22999998927116394, 1.2799999713897705)
(0.22999998927116394, 1.2799999713897705)
(0.22999998927116394, 1.2799999713897705)
(0.23999999463558197, 1.6200000047683716)
(0.23999999463558197, 1.6200000047683716)
(1.0099999904632568, 1.5799999237060547)
(1.0099999904632568, 1.5799999237060547)
(1.0099999904632568, 1.5799999237060547)
(0.87000000476837158, 1.4099999666213989)
(0.87000000476837158, 1.4099999666213989)
saying: Obstacle lost!
(0.79999995231628418, 1.3799999952316284)
(0.79999995231628418, 1.3799999952316284)
(0.79999995231628418, 1.3799999952316284)
saying: Obstacle seen!
Sonar: SEEN obstacle (on right, distance of 0.230000)
(0.69999998807907104, 0.22999998927116394)
(0.69999998807907104, 0.22999998927116394)
(0.59999996423721313, 0.22999998927116394)
(0.59999996423721313, 0.22999998927116394)
(0.62000000476837158, 0.25)
(0.62000000476837158, 0.25)
(0.62000000476837158, 0.25)
(0.65999996662139893, 0.23999999463558197)
(0.65999996662139893, 0.23999999463558197)
(0.65999996662139893, 0.23999999463558197)
(0.61000001430511475, 1.4199999570846558)
(0.61000001430511475, 1.4199999570846558)
(0.75, 1.4800000190734863)
(0.75, 1.4800000190734863)
(0.75, 1.4800000190734863)
saying: Obstacle lost!
(0.62999999523162842, 1.309999942779541)
(0.62999999523162842, 1.309999942779541)
(0.71999996900558472, 1.1499999761581421)
(0.71999996900558472, 1.1499999761581421)
(0.71999996900558472, 1.1499999761581421)
(0.87999999523162842, 1.1399999856948853)
saying: I'm on my back.
(0.87999999523162842, 1.1399999856948853)
(0.93000000715255737, 1.1000000238418579)
(0.93000000715255737, 1.1000000238418579)
(0.85999995470046997, 1.4099999666213989)
(0.85999995470046997, 1.4099999666213989)
(0.85999995470046997, 1.4099999666213989)
saying: Obstacle seen!
Sonar: SEEN obstacle (on right, distance of 0.240000)
(0.90999996662139893, 0.23999999463558197)
(0.90999996662139893, 0.23999999463558197)
(0.90999996662139893, 0.23999999463558197)
(0.77999997138977051, 1.2300000190734863)
(0.77999997138977051, 1.2300000190734863)
(0.66999995708465576, 1.1399999856948853)
(0.66999995708465576, 1.1399999856948853)
(0.66999995708465576, 1.1399999856948853)
saying: Obstacle lost!
(0.71999996900558472, 1.4099999666213989)
(0.71999996900558472, 1.4099999666213989)
(0.62000000476837158, 1.4199999570846558)
(0.62000000476837158, 1.4199999570846558)
(0.62000000476837158, 1.4199999570846558)
(0.48999997973442078, 1.1200000047683716)
(0.48999997973442078, 1.1200000047683716)
(0.53999996185302734, 1.1699999570846558)
(0.53999996185302734, 1.1699999570846558)
(0.53999996185302734, 1.1699999570846558)
saying: Obstacle seen!
Sonar: SEEN obstacle (on left, distance of 0.230000)
(0.22999998927116394, 1.1000000238418579)
(0.22999998927116394, 1.1000000238418579)
(0.81000000238418579, 0.23999999463558197)
(0.81000000238418579, 0.23999999463558197)
(0.81000000238418579, 0.23999999463558197)
(0.66999995708465576, 1.1799999475479126)
(0.66999995708465576, 1.1799999475479126)
(0.88999998569488525, 1.4800000190734863)
(0.88999998569488525, 1.4800000190734863)
(0.88999998569488525, 1.4800000190734863)
saying: Obstacle lost!
(0.65999996662139893, 1.2099999189376831)
(0.65999996662139893, 1.2099999189376831)
(0.65999996662139893, 1.25)
(0.65999996662139893, 1.25)
(0.65999996662139893, 1.25)
(0.75999999046325684, 1.2400000095367432)
(0.75999999046325684, 1.2400000095367432)
(0.77999997138977051, 1.2099999189376831)
(0.77999997138977051, 1.2099999189376831)
(0.77999997138977051, 1.2099999189376831)
(0.70999997854232788, 1.1599999666213989)
(0.70999997854232788, 1.1599999666213989)
saying: Obstacle seen!
Sonar: SEEN obstacle (on right, distance of 0.230000)
(0.61000001430511475, 0.22999998927116394)
(0.61000001430511475, 0.22999998927116394)
(0.61000001430511475, 0.22999998927116394)
(0.4699999988079071, 1.5)
(0.4699999988079071, 1.5)
(0.4699999988079071, 1.5)
(0.23999999463558197, 1.2099999189376831)
(0.25, 0.22999998927116394)
(0.25, 0.22999998927116394)
(0.25, 0.22999998927116394)
(0.22999998927116394, 1.1399999856948853)
(0.22999998927116394, 1.1399999856948853)
(0.22999998927116394, 1.1399999856948853)
(0.22999998927116394, 1.1799999475479126)
(0.22999998927116394, 1.1799999475479126)
(0.23999999463558197, 1.4399999380111694)
(0.23999999463558197, 1.4399999380111694)
(0.23999999463558197, 1.4399999380111694)
(0.23999999463558197, 1.0499999523162842)
(0.23999999463558197, 1.0499999523162842)
(0.23999999463558197, 1.0499999523162842)
(0.22999998927116394, 1.2200000286102295)
(0.22999998927116394, 1.2200000286102295)
(0.22999998927116394, 1.3199999332427979)
(0.22999998927116394, 1.3199999332427979)
(0.23999999463558197, 1.1499999761581421)
(0.23999999463558197, 1.1499999761581421)
(0.95999997854232788, 1.4499999284744263)
(0.95999997854232788, 1.4499999284744263)
(0.95999997854232788, 1.4499999284744263)
(0.32999998331069946, 1.1200000047683716)
(0.32999998331069946, 1.1200000047683716)
(0.32999998331069946, 1.1200000047683716)
(0.23999999463558197, 1.2099999189376831)
(0.23999999463558197, 1.2099999189376831)
(0.23999999463558197, 1.4699999094009399)
(0.23999999463558197, 1.4699999094009399)
(0.23999999463558197, 1.4699999094009399)
(0.23999999463558197, 1.25)
(0.23999999463558197, 1.25)
(0.23999999463558197, 1.25)
(0.22999998927116394, 1.5799999237060547)
(0.22999998927116394, 1.5799999237060547)
(0.22999998927116394, 1.5799999237060547)
(0.22999998927116394, 1.5799999237060547)
(0.22999998927116394, 1.309999942779541)
(0.22999998927116394, 1.309999942779541)
(0.22999998927116394, 1.309999942779541)
(0.22999998927116394, 1.4499999284744263)
(0.22999998927116394, 1.4499999284744263)
(0.22999998927116394, 1.3199999332427979)
(0.22999998927116394, 1.3199999332427979)
(0.22999998927116394, 1.3199999332427979)
(0.93999999761581421, 1.559999942779541)
(0.93999999761581421, 1.559999942779541)
(0.82999998331069946, 1.5099999904632568)
(0.82999998331069946, 1.5099999904632568)
(0.82999998331069946, 1.5099999904632568)
saying: Obstacle lost!
(0.70999997854232788, 1.3299999237060547)
(0.70999997854232788, 1.3299999237060547)
(0.75, 1.1499999761581421)
(0.75, 1.1499999761581421)
(0.69999998807907104, 1.1399999856948853)
(0.69999998807907104, 1.1399999856948853)
(0.69999998807907104, 1.1399999856948853)
(0.68999999761581421, 1.1699999570846558)
(0.68999999761581421, 1.1699999570846558)
(0.68999999761581421, 1.1699999570846558)
(0.71999996900558472, 1.1999999284744263)
(0.71999996900558472, 1.1999999284744263)
(0.74000000953674316, 1.5)
(0.74000000953674316, 1.5)
(0.74000000953674316, 1.5)
(0.79999995231628418, 1.1100000143051147)
(0.79999995231628418, 1.1100000143051147)
saying: Obstacle seen!
Sonar: SEEN obstacle (on left, distance of 0.380000)
(0.37999999523162842, 1.1299999952316284)
(0.37999999523162842, 1.1299999952316284)
(0.25, 1.3299999237060547)
(0.25, 1.3299999237060547)
(0.25, 1.3299999237060547)
(0.23999999463558197, 1.1299999952316284)
(0.23999999463558197, 1.1299999952316284)
(0.23999999463558197, 1.1299999952316284)
(0.22999998927116394, 1.1499999761581421)
(0.22999998927116394, 1.1499999761581421)
(0.22999998927116394, 1.4199999570846558)
(0.22999998927116394, 1.4199999570846558)
(0.22999998927116394, 1.4199999570846558)
(0.8399999737739563, 1.1499999761581421)
(0.8399999737739563, 1.1499999761581421)
(0.82999998331069946, 1.1299999952316284)
(0.82999998331069946, 1.1299999952316284)
(0.82999998331069946, 1.1299999952316284)
saying: Obstacle lost!
(0.8399999737739563, 1.1499999761581421)
(0.8399999737739563, 1.1499999761581421)
(0.71999996900558472, 1.6599999666213989)
(0.71999996900558472, 1.6599999666213989)
(0.71999996900558472, 1.6599999666213989)
(0.71999996900558472, 1.6599999666213989)
(0.71999996900558472, 1.6599999666213989)
saying: Obstacle seen!
Sonar: SEEN obstacle (on left, distance of 0.310000)
(0.31000000238418579, 1.1200000047683716)
(0.31000000238418579, 1.1200000047683716)
(0.35999998450279236, 1.4900000095367432)
(0.35999998450279236, 1.4900000095367432)
(0.35999998450279236, 1.4900000095367432)
(0.22999998927116394, 1.5899999141693115)
(0.22999998927116394, 1.5899999141693115)
(0.22999998927116394, 1.5899999141693115)
(0.25, 1.1100000143051147)
(0.25, 1.1100000143051147)
(0.25, 1.1100000143051147)
(0.22999998927116394, 1.4199999570846558)
(0.22999998927116394, 1.4199999570846558)
(0.22999998927116394, 1.2999999523162842)
(0.22999998927116394, 1.2999999523162842)
(0.23999999463558197, 1.5099999904632568)
(0.23999999463558197, 1.5099999904632568)
(0.23999999463558197, 1.5099999904632568)
(0.22999998927116394, 1.1399999856948853)
(0.22999998927116394, 1.1399999856948853)
(0.22999998927116394, 1.6100000143051147)
(0.22999998927116394, 1.6100000143051147)
(0.22999998927116394, 1.6100000143051147)
(0.22999998927116394, 1.1299999952316284)
(0.22999998927116394, 1.1299999952316284)
(0.93000000715255737, 1.4800000190734863)
(0.93000000715255737, 1.4800000190734863)
(0.66999995708465576, 1.1399999856948853)
(0.66999995708465576, 1.1399999856948853)
(0.66999995708465576, 1.1399999856948853)
saying: Obstacle lost!
(0.72999995946884155, 1.1100000143051147)
(0.72999995946884155, 1.1100000143051147)
(0.72999995946884155, 1.1100000143051147)
(0.61000001430511475, 1.1399999856948853)
(0.61000001430511475, 1.1399999856948853)
(0.69999998807907104, 1.3199999332427979)
(0.69999998807907104, 1.3199999332427979)
(0.69999998807907104, 1.3199999332427979)
(0.56000000238418579, 1.2999999523162842)
(0.56000000238418579, 1.2999999523162842)
(0.56000000238418579, 1.2999999523162842)
(0.55000001192092896, 1.3399999141693115)
(0.55000001192092896, 1.3399999141693115)
(0.66999995708465576, 1.2599999904632568)
(0.66999995708465576, 1.2599999904632568)
(0.53999996185302734, 1.7099999189376831)
(0.53999996185302734, 1.7099999189376831)
(0.53999996185302734, 1.7099999189376831)
(0.41999998688697815, 1.5299999713897705)
(0.41999998688697815, 1.5299999713897705)
saying: Obstacle seen!
Sonar: SEEN obstacle (on left, distance of 0.290000)
(0.28999999165534973, 1.4699999094009399)
(0.28999999165534973, 1.4699999094009399)
(0.28999999165534973, 1.4699999094009399)
(0.22999998927116394, 1.309999942779541)
(0.22999998927116394, 1.309999942779541)
(0.22999998927116394, 1.1499999761581421)
(0.22999998927116394, 1.1499999761581421)
(0.22999998927116394, 1.1499999761581421)
(0.26999998092651367, 1.1499999761581421)
(0.26999998092651367, 1.1499999761581421)
(0.26999998092651367, 1.1499999761581421)
(0.23999999463558197, 1.1399999856948853)
(0.23999999463558197, 1.1399999856948853)
(0.23999999463558197, 1.1599999666213989)
(0.23999999463558197, 1.1599999666213989)
(0.22999998927116394, 1.1699999570846558)
(0.22999998927116394, 1.1699999570846558)
(0.22999998927116394, 1.1699999570846558)
(0.22999998927116394, 1.6299999952316284)
(0.22999998927116394, 1.6299999952316284)
(0.23999999463558197, 1.1399999856948853)
(0.23999999463558197, 1.1399999856948853)
(0.23999999463558197, 1.1399999856948853)
(0.22999998927116394, 1.1200000047683716)
(0.22999998927116394, 1.1200000047683716)
(0.22999998927116394, 1.1200000047683716)
(0.22999998927116394, 1.1499999761581421)
(0.22999998927116394, 1.1499999761581421)
(0.90999996662139893, 0.23999999463558197)
(0.90999996662139893, 0.23999999463558197)
(0.97999995946884155, 0.23999999463558197)
(0.97999995946884155, 0.23999999463558197)
(0.97999995946884155, 0.23999999463558197)
(0.5, 0.22999998927116394)
(0.5, 0.22999998927116394)
(0.71999996900558472, 0.23999999463558197)
(0.71999996900558472, 0.23999999463558197)
(0.71999996900558472, 0.23999999463558197)
(0.47999998927116394, 0.22999998927116394)
(0.47999998927116394, 0.22999998927116394)
(0.37999999523162842, 0.23999999463558197)
(0.37999999523162842, 0.23999999463558197)
(0.37999999523162842, 0.23999999463558197)
(0.41999998688697815, 0.23999999463558197)
(0.41999998688697815, 0.23999999463558197)
(0.28999999165534973, 0.22999998927116394)
(0.28999999165534973, 0.22999998927116394)
(0.28999999165534973, 0.22999998927116394)
(0.32999998331069946, 0.22999998927116394)
(0.32999998331069946, 0.22999998927116394)
(0.22999998927116394, 0.23999999463558197)
(0.22999998927116394, 0.23999999463558197)
(0.22999998927116394, 0.23999999463558197)
(0.22999998927116394, 0.22999998927116394)
(0.22999998927116394, 0.22999998927116394)
(0.22999998927116394, 0.22999998927116394)
(0.25999999046325684, 0.22999998927116394)
(0.25999999046325684, 0.22999998927116394)
(0.25, 0.23999999463558197)
(0.25, 0.23999999463558197)
(0.22999998927116394, 0.23999999463558197)
(0.22999998927116394, 0.23999999463558197)
(0.22999998927116394, 0.23999999463558197)
(0.22999998927116394, 0.23999999463558197)
(0.22999998927116394, 0.23999999463558197)
(0.23999999463558197, 0.22999998927116394)
(0.23999999463558197, 0.22999998927116394)
(0.23999999463558197, 0.22999998927116394)
(0.23999999463558197, 0.22999998927116394)
(0.23999999463558197, 0.22999998927116394)
(0.22999998927116394, 0.22999998927116394)
(0.22999998927116394, 0.22999998927116394)
(0.82999998331069946, 0.22999998927116394)
(0.82999998331069946, 0.22999998927116394)
(0.82999998331069946, 0.22999998927116394)
(0.81000000238418579, 0.23999999463558197)
(0.81000000238418579, 0.23999999463558197)
(0.81000000238418579, 0.23999999463558197)
(0.53999996185302734, 0.22999998927116394)
(0.53999996185302734, 0.22999998927116394)
(0.55000001192092896, 0.22999998927116394)
(0.55000001192092896, 0.22999998927116394)
(0.55000001192092896, 0.22999998927116394)
(0.29999998211860657, 0.23999999463558197)
(0.29999998211860657, 0.23999999463558197)
(0.34000000357627869, 0.23999999463558197)
(0.34000000357627869, 0.23999999463558197)
(0.34000000357627869, 0.23999999463558197)
(0.23999999463558197, 0.22999998927116394)
(0.23999999463558197, 0.22999998927116394)
(0.22999998927116394, 0.22999998927116394)
(0.22999998927116394, 0.22999998927116394)
(0.22999998927116394, 0.22999998927116394)
(0.22999998927116394, 0.22999998927116394)
(0.22999998927116394, 0.22999998927116394)
(0.23999999463558197, 0.23999999463558197)
(0.23999999463558197, 0.23999999463558197)
(0.23999999463558197, 0.23999999463558197)
(0.23999999463558197, 0.22999998927116394)
(0.23999999463558197, 0.22999998927116394)
(0.91999995708465576, 0.22999998927116394)
(0.91999995708465576, 0.22999998927116394)
(0.91999995708465576, 0.22999998927116394)
(0.81000000238418579, 0.23999999463558197)
(0.81000000238418579, 0.23999999463558197)
(0.84999996423721313, 0.22999998927116394)
(0.84999996423721313, 0.22999998927116394)
(0.70999997854232788, 0.22999998927116394)
(0.70999997854232788, 0.22999998927116394)
(0.70999997854232788, 0.22999998927116394)
(0.75999999046325684, 0.23999999463558197)
(0.75999999046325684, 0.23999999463558197)
(0.75999999046325684, 0.23999999463558197)
(0.63999998569488525, 0.22999998927116394)
(0.63999998569488525, 0.22999998927116394)
(0.65999996662139893, 0.23999999463558197)
(0.65999996662139893, 0.23999999463558197)
(0.65999996662139893, 0.23999999463558197)
(0.52999997138977051, 0.23999999463558197)
(0.52999997138977051, 0.23999999463558197)
(0.43999999761581421, 0.23999999463558197)
(0.43999999761581421, 0.23999999463558197)
(0.31999999284744263, 1.4299999475479126)
(0.31999999284744263, 1.4299999475479126)
(0.31999999284744263, 1.4299999475479126)
(0.23999999463558197, 1.3500000238418579)
(0.23999999463558197, 1.3500000238418579)
(0.23999999463558197, 1.3500000238418579)
(0.23999999463558197, 1.1399999856948853)
(0.23999999463558197, 1.1399999856948853)
(0.23999999463558197, 1.1499999761581421)
(0.23999999463558197, 1.1499999761581421)
(0.23999999463558197, 1.1499999761581421)
(0.25, 1.6200000047683716)
(0.25, 1.6200000047683716)
(0.72999995946884155, 1.1299999952316284)
(0.72999995946884155, 1.1299999952316284)
(0.72999995946884155, 1.1299999952316284)
(0.77999997138977051, 1.1299999952316284)
(0.77999997138977051, 1.1299999952316284)
(0.77999997138977051, 1.1299999952316284)
saying: Obstacle lost!
(0.66999995708465576, 1.3700000047683716)
(0.68999999761581421, 1.3700000047683716)
(0.68999999761581421, 1.3700000047683716)
(0.68999999761581421, 1.3700000047683716)
(0.5899999737739563, 1.1299999952316284)
(0.5899999737739563, 1.1299999952316284)
(0.5899999737739563, 1.1299999952316284)
(0.55000001192092896, 1.4900000095367432)
(0.55000001192092896, 1.4900000095367432)
(0.68999999761581421, 1.559999942779541)
(0.68999999761581421, 1.559999942779541)
(0.68999999761581421, 1.559999942779541)
(0.56000000238418579, 1.1399999856948853)
(0.56000000238418579, 1.1399999856948853)
(0.65999996662139893, 1.3199999332427979)
(0.65999996662139893, 1.3199999332427979)
(0.65999996662139893, 1.3199999332427979)
(0.56000000238418579, 1.559999942779541)
(0.56000000238418579, 1.559999942779541)
(0.61000001430511475, 1.4299999475479126)
(0.61000001430511475, 1.4299999475479126)
(0.61000001430511475, 1.4299999475479126)
(0.5, 1.4299999475479126)
(0.5, 1.4299999475479126)
(0.55000001192092896, 1.3500000238418579)
(0.55000001192092896, 1.3500000238418579)
(0.55000001192092896, 1.3500000238418579)
(0.43999999761581421, 1.3600000143051147)
(0.43999999761581421, 1.3600000143051147)
saying: Obstacle seen!
Sonar: SEEN obstacle (on left, distance of 0.330000)
(0.32999998331069946, 1.1499999761581421)
(0.32999998331069946, 1.1499999761581421)
(0.22999998927116394, 1.3999999761581421)
(0.22999998927116394, 1.3999999761581421)
(0.22999998927116394, 1.3999999761581421)
(0.22999998927116394, 1.1399999856948853)
(0.22999998927116394, 1.1399999856948853)
(0.22999998927116394, 1.1399999856948853)
(0.23999999463558197, 1.3500000238418579)
(0.23999999463558197, 1.3500000238418579)
(0.22999998927116394, 1.1200000047683716)
(0.22999998927116394, 1.1200000047683716)
(0.22999998927116394, 1.1200000047683716)
(0.94999998807907104, 1.3399999141693115)
(0.94999998807907104, 1.3399999141693115)
(0.35999998450279236, 1.0299999713897705)
(0.35999998450279236, 1.0299999713897705)
(0.35999998450279236, 1.0299999713897705)
(0.26999998092651367, 1.1299999952316284)
(0.26999998092651367, 1.1299999952316284)
(0.26999998092651367, 1.1299999952316284)
(0.22999998927116394, 1.2699999809265137)
(0.22999998927116394, 1.2699999809265137)
(0.23999999463558197, 1.1399999856948853)
(0.23999999463558197, 1.1399999856948853)
(0.22999998927116394, 1.1399999856948853)
(0.22999998927116394, 1.1399999856948853)
(0.22999998927116394, 1.1399999856948853)
(0.23999999463558197, 1.4900000095367432)
(0.23999999463558197, 1.4900000095367432)
(0.23999999463558197, 1.2400000095367432)
(0.23999999463558197, 1.2400000095367432)
(0.23999999463558197, 1.2400000095367432)
(0.22999998927116394, 1.5399999618530273)
(0.22999998927116394, 1.5399999618530273)
(0.22999998927116394, 1.5399999618530273)
(0.22999998927116394, 1.1100000143051147)
(0.22999998927116394, 1.1100000143051147)
(0.23999999463558197, 1.4299999475479126)
(0.23999999463558197, 1.4299999475479126)
(0.61000001430511475, 1.0399999618530273)
(0.61000001430511475, 1.0399999618530273)
(0.61000001430511475, 1.0399999618530273)
(0.61000001430511475, 1.1000000238418579)
(0.61000001430511475, 1.1000000238418579)
saying: Obstacle lost!
(0.66999995708465576, 1.5699999332427979)
(0.66999995708465576, 1.5699999332427979)
(0.66999995708465576, 1.5699999332427979)
(0.57999998331069946, 1.5699999332427979)
(0.57999998331069946, 1.5699999332427979)
(0.62999999523162842, 1.1499999761581421)
(0.62999999523162842, 1.1499999761581421)
(0.62999999523162842, 1.1499999761581421)
saying: Obstacle seen!
Sonar: SEEN obstacle (on right, distance of 0.230000)
(0.56000000238418579, 0.22999998927116394)
(0.56000000238418579, 0.22999998927116394)
(0.23999999463558197, 0.22999998927116394)
(0.23999999463558197, 0.22999998927116394)
(0.23999999463558197, 0.22999998927116394)
(0.22999998927116394, 0.22999998927116394)
(0.22999998927116394, 0.22999998927116394)
(0.22999998927116394, 0.22999998927116394)
(0.22999998927116394, 0.22999998927116394)
(0.22999998927116394, 0.22999998927116394)
(0.22999998927116394, 0.23999999463558197)
(0.22999998927116394, 0.23999999463558197)
(0.23999999463558197, 0.23999999463558197)
(0.23999999463558197, 0.23999999463558197)
(0.22999998927116394, 0.22999998927116394)
(0.22999998927116394, 0.22999998927116394)
(0.22999998927116394, 0.22999998927116394)
(0.22999998927116394, 0.22999998927116394)
(0.22999998927116394, 0.22999998927116394)
(0.22999998927116394, 0.22999998927116394)
(0.22999998927116394, 0.22999998927116394)
(0.22999998927116394, 0.22999998927116394)
(0.23999999463558197, 0.23999999463558197)
(0.23999999463558197, 0.23999999463558197)
(0.23999999463558197, 0.23999999463558197)
(0.23999999463558197, 0.23999999463558197)
(0.23999999463558197, 0.23999999463558197)
(0.23999999463558197, 0.22999998927116394)
(0.23999999463558197, 0.22999998927116394)
(0.23999999463558197, 0.22999998927116394)
(0.23999999463558197, 0.23999999463558197)
(0.23999999463558197, 0.23999999463558197)
saying: I'm being picked-up
(0.22999998927116394, 0.22999998927116394)
(0.22999998927116394, 0.22999998927116394)
(0.22999998927116394, 0.22999998927116394)
(0.25999999046325684, 0.23999999463558197)
(0.25999999046325684, 0.23999999463558197)
saying: I'm back on my feet
(0.22999998927116394, 0.23999999463558197)
(0.22999998927116394, 0.23999999463558197)
(0.22999998927116394, 0.23999999463558197)
(0.23999999463558197, 0.23999999463558197)
(0.23999999463558197, 0.23999999463558197)
(0.23999999463558197, 0.23999999463558197)
(0.23999999463558197, 0.23999999463558197)
(0.23999999463558197, 0.23999999463558197)
(0.23999999463558197, 0.23999999463558197)
(0.23999999463558197, 0.23999999463558197)
(0.22999998927116394, 0.25999999046325684)
(0.22999998927116394, 0.25999999046325684)
(0.22999998927116394, 0.25999999046325684)
(0.22999998927116394, 0.31999999284744263)
(0.22999998927116394, 0.31999999284744263)
(0.23999999463558197, 0.23999999463558197)
(0.23999999463558197, 0.23999999463558197)
(0.23999999463558197, 0.23999999463558197)
(0.22999998927116394, 0.22999998927116394)
(0.22999998927116394, 0.22999998927116394)
(0.53999996185302734, 0.22999998927116394)
(0.53999996185302734, 0.22999998927116394)
(0.53999996185302734, 0.22999998927116394)
(0.4699999988079071, 0.22999998927116394)
(0.4699999988079071, 0.22999998927116394)
(0.53999996185302734, 0.23999999463558197)
(0.53999996185302734, 0.23999999463558197)
(0.53999996185302734, 0.23999999463558197)
(0.53999996185302734, 0.22999998927116394)
(0.53999996185302734, 0.22999998927116394)
(0.23999999463558197, 0.23999999463558197)
(0.23999999463558197, 0.23999999463558197)
(0.23999999463558197, 0.23999999463558197)
(0.23999999463558197, 0.23999999463558197)
(0.23999999463558197, 0.23999999463558197)
(0.23999999463558197, 0.23999999463558197)
(0.23999999463558197, 0.23999999463558197)
(0.23999999463558197, 0.23999999463558197)
(0.23999999463558197, 0.23999999463558197)
(0.23999999463558197, 0.23999999463558197)
(0.23999999463558197, 0.23999999463558197)
(0.23999999463558197, 0.23999999463558197)
(0.23999999463558197, 0.23999999463558197)
(0.22999998927116394, 0.22999998927116394)
(0.22999998927116394, 0.22999998927116394)
(0.22999998927116394, 0.22999998927116394)
(0.22999998927116394, 0.22999998927116394)
(0.22999998927116394, 0.22999998927116394)
(0.22999998927116394, 0.22999998927116394)
(0.22999998927116394, 0.22999998927116394)
(0.23999999463558197, 0.22999998927116394)
(0.23999999463558197, 0.22999998927116394)
(0.23999999463558197, 0.22999998927116394)
(0.22999998927116394, 0.22999998927116394)
(0.22999998927116394, 0.22999998927116394)
(0.89999997615814209, 0.23999999463558197)
(0.89999997615814209, 0.23999999463558197)
(0.89999997615814209, 0.23999999463558197)
(0.94999998807907104, 0.23999999463558197)
(0.94999998807907104, 0.23999999463558197)
(0.88999998569488525, 0.22999998927116394)
(0.88999998569488525, 0.22999998927116394)
(0.22999998927116394, 0.22999998927116394)
(0.22999998927116394, 0.22999998927116394)
(0.22999998927116394, 0.22999998927116394)
(0.22999998927116394, 0.22999998927116394)
(0.34999999403953552, 1.1000000238418579)
(0.34999999403953552, 1.1000000238418579)
(0.23999999463558197, 0.23999999463558197)
(0.23999999463558197, 0.23999999463558197)
(0.31000000238418579, 0.22999998927116394)
(0.31000000238418579, 0.22999998927116394)
(0.31000000238418579, 0.22999998927116394)
(0.22999998927116394, 1.4599999189376831)
(0.22999998927116394, 1.4599999189376831)
(0.2800000011920929, 1.3899999856948853)
(0.2800000011920929, 1.3899999856948853)
(0.2800000011920929, 1.3899999856948853)
(0.23999999463558197, 1.0499999523162842)
(0.23999999463558197, 1.0499999523162842)
(0.23999999463558197, 1.0499999523162842)
(0.23999999463558197, 1.0499999523162842)
(0.23999999463558197, 1.0499999523162842)
(0.23999999463558197, 1.0499999523162842)
(0.23999999463558197, 1.0499999523162842)
(0.23999999463558197, 1.0399999618530273)
(0.23999999463558197, 1.0399999618530273)
(0.23999999463558197, 1.0399999618530273)
(0.22999998927116394, 1.0399999618530273)
(0.22999998927116394, 1.0399999618530273)
(0.23999999463558197, 1.0499999523162842)
(0.23999999463558197, 1.0499999523162842)
(0.23999999463558197, 1.0499999523162842)
(0.22999998927116394, 1.0399999618530273)
(0.22999998927116394, 1.0399999618530273)
(0.22999998927116394, 1.0399999618530273)
(0.23999999463558197, 1.0499999523162842)
(0.23999999463558197, 1.0499999523162842)
(0.25999999046325684, 1.0499999523162842)
(0.25999999046325684, 1.0499999523162842)
(0.22999998927116394, 1.0399999618530273)
(0.22999998927116394, 1.0399999618530273)
(0.22999998927116394, 1.0399999618530273)
(0.23999999463558197, 1.0299999713897705)
(0.23999999463558197, 1.0299999713897705)
(0.52999997138977051, 1.0399999618530273)
(0.52999997138977051, 1.0399999618530273)
(0.52999997138977051, 1.0399999618530273)
(0.47999998927116394, 1.0299999713897705)
(0.47999998927116394, 1.0299999713897705)
saying: Obstacle lost!
(0.53999996185302734, 1.0499999523162842)
(0.53999996185302734, 1.0499999523162842)
(0.53999996185302734, 1.0399999618530273)
(0.53999996185302734, 1.0399999618530273)
(0.53999996185302734, 1.0399999618530273)
(0.45999997854232788, 0.95999997854232788)
(0.45999997854232788, 0.95999997854232788)
(0.45999997854232788, 0.95999997854232788)
(0.4699999988079071, 1.0399999618530273)
(0.4699999988079071, 1.0399999618530273)
(0.45999997854232788, 1.0399999618530273)
(0.45999997854232788, 1.0399999618530273)
(0.45999997854232788, 1.0399999618530273)
saying: Obstacle seen!
Sonar: SEEN obstacle (on left, distance of 0.230000)
(0.22999998927116394, 1.0399999618530273)
(0.22999998927116394, 1.0399999618530273)
(0.22999998927116394, 1.0399999618530273)
(0.50999999046325684, 1.0399999618530273)
(0.56999999284744263, 1.0299999713897705)
(0.56999999284744263, 1.0299999713897705)
(0.56999999284744263, 1.0299999713897705)
saying: Obstacle lost!
(0.4699999988079071, 1.0399999618530273)
(0.4699999988079071, 1.0399999618530273)
(0.4699999988079071, 1.0399999618530273)
(0.51999998092651367, 1.0399999618530273)
(0.51999998092651367, 1.0399999618530273)
(0.42999997735023499, 1.0399999618530273)
(0.42999997735023499, 1.0399999618530273)
(0.42999997735023499, 1.0399999618530273)
saying: Obstacle seen!
Sonar: SEEN obstacle (on left, distance of 0.330000)
(0.32999998331069946, 1.0299999713897705)
(0.32999998331069946, 1.0299999713897705)
(0.22999998927116394, 1.0399999618530273)
(0.22999998927116394, 1.0399999618530273)
(0.22999998927116394, 1.0399999618530273)
(0.23999999463558197, 1.0499999523162842)
(0.23999999463558197, 1.0499999523162842)
(0.22999998927116394, 1.0399999618530273)
(0.22999998927116394, 1.0399999618530273)
(0.22999998927116394, 1.0399999618530273)
(0.22999998927116394, 1.0399999618530273)
(0.22999998927116394, 1.0399999618530273)
(0.79999995231628418, 1.0399999618530273)
(0.79999995231628418, 1.0399999618530273)
(0.79999995231628418, 1.0399999618530273)
(0.87000000476837158, 1.0399999618530273)
(0.87000000476837158, 1.0399999618530273)
(0.23999999463558197, 1.0499999523162842)
(0.23999999463558197, 1.0499999523162842)
(0.23999999463558197, 1.0499999523162842)
(0.23999999463558197, 1.0399999618530273)
(0.23999999463558197, 1.0399999618530273)
(0.23999999463558197, 1.0399999618530273)
(0.23999999463558197, 1.0399999618530273)
(0.23999999463558197, 1.0499999523162842)
(0.23999999463558197, 1.0499999523162842)
(0.23999999463558197, 1.0499999523162842)
(0.23999999463558197, 1.0399999618530273)
(0.23999999463558197, 1.0399999618530273)
(0.23999999463558197, 1.0399999618530273)
(0.23999999463558197, 1.0399999618530273)
(0.23999999463558197, 1.0399999618530273)
(0.22999998927116394, 1.0499999523162842)
(0.22999998927116394, 1.0499999523162842)
(0.22999998927116394, 1.0499999523162842)
(0.22999998927116394, 1.0299999713897705)
(0.22999998927116394, 1.0299999713897705)
(0.22999998927116394, 1.0299999713897705)
(0.22999998927116394, 1.0299999713897705)
(0.23999999463558197, 1.0399999618530273)
(0.23999999463558197, 1.0399999618530273)
(0.23999999463558197, 1.0399999618530273)
(0.22999998927116394, 1.0399999618530273)
(0.22999998927116394, 1.0399999618530273)
(0.22999998927116394, 1.0399999618530273)
(1.0, 1.0499999523162842)
(1.0, 1.0499999523162842)
(0.23999999463558197, 1.0399999618530273)
(0.23999999463558197, 1.0399999618530273)
(0.23999999463558197, 1.0399999618530273)
(0.97999995946884155, 1.0499999523162842)
(0.97999995946884155, 1.0499999523162842)
(1.0199999809265137, 1.0199999809265137)
(1.0199999809265137, 1.0199999809265137)
(1.0199999809265137, 1.0199999809265137)
saying: Obstacle lost!
(0.91999995708465576, 1.0499999523162842)
(0.91999995708465576, 1.0499999523162842)
(0.91999995708465576, 1.0499999523162842)
(0.82999998331069946, 1.0399999618530273)
(0.82999998331069946, 1.0399999618530273)
(0.82999998331069946, 1.0399999618530273)
(0.82999998331069946, 1.0399999618530273)
(0.59999996423721313, 1.0399999618530273)
(0.59999996423721313, 1.0399999618530273)
(0.59999996423721313, 1.0399999618530273)
(0.55000001192092896, 1.0299999713897705)
(0.55000001192092896, 1.0299999713897705)
(0.61000001430511475, 1.0299999713897705)
(0.61000001430511475, 1.0299999713897705)
(0.61000001430511475, 1.0299999713897705)
(0.52999997138977051, 1.0399999618530273)
(0.52999997138977051, 1.0399999618530273)
(0.52999997138977051, 1.0399999618530273)
(0.55000001192092896, 1.0199999809265137)
(0.55000001192092896, 1.0199999809265137)
(0.64999997615814209, 1.0399999618530273)
(0.64999997615814209, 1.0399999618530273)
(0.56000000238418579, 1.0499999523162842)
(0.56000000238418579, 1.0499999523162842)
(0.56000000238418579, 1.0499999523162842)
(0.56000000238418579, 1.0499999523162842)
(0.56000000238418579, 1.0499999523162842)
(0.50999999046325684, 1.0399999618530273)
(0.50999999046325684, 1.0399999618530273)
(0.50999999046325684, 1.0399999618530273)
(0.56999999284744263, 1.0499999523162842)
(0.56999999284744263, 1.0499999523162842)
(0.44999998807907104, 1.0499999523162842)
(0.44999998807907104, 1.0499999523162842)
saying: Obstacle seen!
Sonar: SEEN obstacle (on left, distance of 0.340000)
(0.34000000357627869, 1.0399999618530273)
(0.34000000357627869, 1.0399999618530273)
(0.34000000357627869, 1.0399999618530273)
(0.44999998807907104, 1.0499999523162842)
(0.44999998807907104, 1.0499999523162842)
(0.44999998807907104, 1.0499999523162842)
(0.34000000357627869, 1.0499999523162842)
(0.34000000357627869, 1.0499999523162842)
(0.38999998569488525, 1.0399999618530273)
(0.38999998569488525, 1.0399999618530273)
(0.29999998211860657, 1.0399999618530273)
(0.29999998211860657, 1.0399999618530273)
(0.29999998211860657, 1.0399999618530273)
(0.35999998450279236, 1.0299999713897705)
(0.35999998450279236, 1.0299999713897705)
(0.35999998450279236, 1.0299999713897705)
(0.26999998092651367, 1.0499999523162842)
(0.26999998092651367, 1.0499999523162842)
(0.32999998331069946, 1.0499999523162842)
(0.32999998331069946, 1.0499999523162842)
(0.32999998331069946, 1.0499999523162842)
(0.22999998927116394, 1.0399999618530273)
(0.22999998927116394, 1.0399999618530273)
(0.22999998927116394, 1.0299999713897705)
(0.22999998927116394, 1.0299999713897705)
(0.22999998927116394, 1.0299999713897705)
(0.96999996900558472, 1.0499999523162842)
(0.96999996900558472, 1.0499999523162842)
(1.0099999904632568, 1.0399999618530273)
(1.0099999904632568, 1.0399999618530273)
(1.0099999904632568, 1.0399999618530273)
saying: Obstacle lost!
(0.89999997615814209, 1.0299999713897705)
(0.89999997615814209, 1.0299999713897705)
(0.84999996423721313, 1.0499999523162842)
(0.84999996423721313, 1.0499999523162842)
(0.84999996423721313, 1.0499999523162842)
(0.90999996662139893, 1.0399999618530273)
(0.90999996662139893, 1.0399999618530273)
(0.81000000238418579, 1.0399999618530273)
(0.81000000238418579, 1.0399999618530273)
(0.81000000238418579, 1.0399999618530273)
(0.71999996900558472, 1.0499999523162842)
(0.71999996900558472, 1.0499999523162842)
(0.62000000476837158, 1.0499999523162842)
(0.62000000476837158, 1.0499999523162842)
(0.62000000476837158, 1.0499999523162842)
(0.53999996185302734, 1.0399999618530273)
(0.53999996185302734, 1.0399999618530273)
(0.53999996185302734, 1.0399999618530273)
(0.55000001192092896, 1.0399999618530273)
(0.55000001192092896, 1.0399999618530273)
(0.5, 1.0499999523162842)
(0.5, 1.0499999523162842)
(0.56999999284744263, 1.0399999618530273)
(0.56999999284744263, 1.0399999618530273)
(0.56999999284744263, 1.0399999618530273)
(0.45999997854232788, 1.0499999523162842)
(0.45999997854232788, 1.0499999523162842)
(0.52999997138977051, 1.0299999713897705)
(0.52999997138977051, 1.0299999713897705)
(0.52999997138977051, 1.0299999713897705)
(0.4699999988079071, 1.0399999618530273)
(0.4699999988079071, 1.0399999618530273)
(0.53999996185302734, 1.0299999713897705)
(0.53999996185302734, 1.0299999713897705)
(0.43999999761581421, 1.0299999713897705)
(0.43999999761581421, 1.0299999713897705)
(0.43999999761581421, 1.0299999713897705)
(0.52999997138977051, 1.0299999713897705)
(0.52999997138977051, 1.0299999713897705)
(0.52999997138977051, 1.0299999713897705)
(0.42999997735023499, 1.0499999523162842)
(0.42999997735023499, 1.0499999523162842)
saying: Obstacle seen!
Sonar: SEEN obstacle (on left, distance of 0.360000)
(0.35999998450279236, 1.0399999618530273)
(0.35999998450279236, 1.0399999618530273)
(0.35999998450279236, 1.0399999618530273)
(0.25999999046325684, 1.0399999618530273)
(0.25999999046325684, 1.0399999618530273)
(0.25999999046325684, 1.0399999618530273)
(0.22999998927116394, 1.0499999523162842)
(0.22999998927116394, 1.0499999523162842)
(0.23999999463558197, 1.0399999618530273)
(0.23999999463558197, 1.0399999618530273)
(0.96999996900558472, 1.0299999713897705)
(0.96999996900558472, 1.0299999713897705)
(0.96999996900558472, 1.0299999713897705)
(0.87000000476837158, 1.0499999523162842)
(0.87000000476837158, 1.0499999523162842)
saying: Obstacle lost!
(0.91999995708465576, 1.0399999618530273)
(0.91999995708465576, 1.0399999618530273)
(0.91999995708465576, 1.0399999618530273)
(0.88999998569488525, 1.0399999618530273)
(0.88999998569488525, 1.0399999618530273)
(0.95999997854232788, 1.0299999713897705)
(0.95999997854232788, 1.0299999713897705)
(0.87999999523162842, 1.0299999713897705)
(0.87999999523162842, 1.0299999713897705)
(0.87999999523162842, 1.0299999713897705)
(0.94999998807907104, 0.5)
(0.94999998807907104, 0.5)
(0.94999998807907104, 0.5)
(0.8399999737739563, 0.48999997973442078)
(0.8399999737739563, 0.48999997973442078)
(0.91999995708465576, 0.50999999046325684)
(0.91999995708465576, 0.50999999046325684)
(0.91999995708465576, 0.50999999046325684)
(0.84999996423721313, 1.0399999618530273)
(0.84999996423721313, 1.0399999618530273)
(0.75, 0.68999999761581421)
(0.75, 0.68999999761581421)
(0.75, 0.68999999761581421)
(0.79999995231628418, 1.0499999523162842)
(0.79999995231628418, 1.0499999523162842)
saying: Obstacle seen!
Sonar: SEEN obstacle (on right, distance of 0.390000)
(0.70999997854232788, 0.38999998569488525)
(0.70999997854232788, 0.38999998569488525)
(0.70999997854232788, 0.38999998569488525)
(0.76999998092651367, 0.38999998569488525)
(0.76999998092651367, 0.38999998569488525)
(0.70999997854232788, 0.39999997615814209)
(0.70999997854232788, 0.39999997615814209)
(0.70999997854232788, 0.39999997615814209)
(0.63999998569488525, 0.39999997615814209)
(0.63999998569488525, 0.39999997615814209)
(0.53999996185302734, 0.43999999761581421)
(0.53999996185302734, 0.43999999761581421)
(0.53999996185302734, 0.43999999761581421)
(0.5, 0.43999999761581421)
(0.5, 0.43999999761581421)
(0.5, 0.43999999761581421)
saying: Obstacle lost!
(0.53999996185302734, 0.62999999523162842)
(0.53999996185302734, 0.62999999523162842)
(0.45999997854232788, 1.0299999713897705)
(0.45999997854232788, 1.0299999713897705)
(0.50999999046325684, 0.56000000238418579)
(0.50999999046325684, 0.56000000238418579)
(0.50999999046325684, 0.56000000238418579)
(0.52999997138977051, 0.56999999284744263)
(0.52999997138977051, 0.56999999284744263)
saying: Obstacle seen!
Sonar: SEEN obstacle (on right, distance of 0.400000)
(0.48999997973442078, 0.39999997615814209)
(0.48999997973442078, 0.39999997615814209)
(0.48999997973442078, 0.39999997615814209)
(0.38999998569488525, 1.0499999523162842)
(0.38999998569488525, 1.0499999523162842)
(0.39999997615814209, 1.0399999618530273)
(0.39999997615814209, 1.0399999618530273)
(0.39999997615814209, 1.0399999618530273)
(0.34000000357627869, 1.0399999618530273)
(0.34000000357627869, 1.0399999618530273)
(0.23999999463558197, 1.059999942779541)
(0.23999999463558197, 1.059999942779541)
(0.23999999463558197, 1.059999942779541)
(0.31999999284744263, 1.0499999523162842)
(0.31999999284744263, 1.0499999523162842)
(0.22999998927116394, 1.0499999523162842)
(0.22999998927116394, 1.0499999523162842)
(0.22999998927116394, 1.0499999523162842)
(0.22999998927116394, 1.059999942779541)
(0.22999998927116394, 1.059999942779541)
(0.23999999463558197, 1.059999942779541)
(0.23999999463558197, 1.059999942779541)
(0.61000001430511475, 1.059999942779541)
(0.61000001430511475, 1.059999942779541)
(0.61000001430511475, 1.059999942779541)
(0.23999999463558197, 1.0699999332427979)
(0.23999999463558197, 1.0699999332427979)
(0.23999999463558197, 1.0699999332427979)
(0.44999998807907104, 1.059999942779541)
(0.44999998807907104, 1.059999942779541)
(0.34999999403953552, 1.0499999523162842)
(0.34999999403953552, 1.0499999523162842)
(0.34999999403953552, 1.0499999523162842)
(0.23999999463558197, 1.0499999523162842)
(0.23999999463558197, 1.0499999523162842)
(0.31000000238418579, 1.0699999332427979)
(0.31000000238418579, 1.0699999332427979)
(0.2800000011920929, 1.059999942779541)
(0.2800000011920929, 1.059999942779541)
(0.2800000011920929, 1.059999942779541)
(0.22999998927116394, 1.0499999523162842)
(0.22999998927116394, 1.0499999523162842)
(0.22999998927116394, 1.0499999523162842)
(0.23999999463558197, 1.059999942779541)
(0.23999999463558197, 1.059999942779541)
(0.23999999463558197, 1.059999942779541)
(0.23999999463558197, 1.059999942779541)
(0.23999999463558197, 1.059999942779541)
(1.0099999904632568, 1.0499999523162842)
(1.0099999904632568, 1.0499999523162842)
(0.90999996662139893, 1.0499999523162842)
(0.90999996662139893, 1.0499999523162842)
(0.90999996662139893, 1.0499999523162842)
saying: Obstacle lost!
(0.81999999284744263, 1.0499999523162842)
(0.81999999284744263, 1.0499999523162842)
(0.71999996900558472, 1.0699999332427979)
(0.71999996900558472, 1.0699999332427979)
(0.71999996900558472, 1.0699999332427979)
(0.61000001430511475, 1.0399999618530273)
(0.61000001430511475, 1.0399999618530273)
(0.66999995708465576, 1.059999942779541)
(0.66999995708465576, 1.059999942779541)
(0.66999995708465576, 1.059999942779541)
(0.56000000238418579, 1.0499999523162842)
(0.56000000238418579, 1.0499999523162842)
saying: Obstacle seen!
Sonar: SEEN obstacle (on left, distance of 0.340000)
(0.34000000357627869, 1.0499999523162842)
(0.34000000357627869, 1.0499999523162842)
(0.34000000357627869, 1.0499999523162842)
(0.23999999463558197, 1.0699999332427979)
(0.23999999463558197, 1.0699999332427979)
(0.23999999463558197, 1.059999942779541)
(0.23999999463558197, 1.059999942779541)
(0.23999999463558197, 1.0499999523162842)
(0.23999999463558197, 1.0499999523162842)
(0.23999999463558197, 1.0499999523162842)
(0.22999998927116394, 1.0499999523162842)
(0.22999998927116394, 1.0499999523162842)
(0.22999998927116394, 1.0499999523162842)
(0.22999998927116394, 1.059999942779541)
(0.22999998927116394, 1.059999942779541)
(0.25999999046325684, 1.059999942779541)
(0.25999999046325684, 1.059999942779541)
(0.25999999046325684, 1.059999942779541)
(0.22999998927116394, 1.059999942779541)
(0.22999998927116394, 1.059999942779541)
(0.22999998927116394, 1.059999942779541)
(0.22999998927116394, 1.059999942779541)
(0.22999998927116394, 1.059999942779541)
(0.23999999463558197, 1.0499999523162842)
(0.23999999463558197, 1.0499999523162842)
(0.23999999463558197, 1.059999942779541)
(0.23999999463558197, 1.059999942779541)
(0.23999999463558197, 1.059999942779541)
(0.22999998927116394, 1.059999942779541)
(0.22999998927116394, 1.059999942779541)
(0.79999995231628418, 1.0399999618530273)
(0.79999995231628418, 1.0399999618530273)
(0.79999995231628418, 1.0399999618530273)
(0.87000000476837158, 1.059999942779541)
(0.87000000476837158, 1.059999942779541)
saying: Obstacle lost!
(0.75999999046325684, 1.059999942779541)
(0.75999999046325684, 1.059999942779541)
(0.75999999046325684, 1.059999942779541)
(0.66999995708465576, 1.0499999523162842)
(0.66999995708465576, 1.0499999523162842)
(0.56999999284744263, 1.0499999523162842)
(0.56999999284744263, 1.0499999523162842)
(0.56999999284744263, 1.0499999523162842)
(0.62999999523162842, 1.059999942779541)
(0.62999999523162842, 1.059999942779541)
(0.53999996185302734, 1.059999942779541)
(0.53999996185302734, 1.059999942779541)
(0.53999996185302734, 1.059999942779541)
(0.61000001430511475, 1.059999942779541)
(0.61000001430511475, 1.059999942779541)
(0.48999997973442078, 1.0499999523162842)
(0.48999997973442078, 1.0499999523162842)
(0.48999997973442078, 1.0499999523162842)
(0.4699999988079071, 1.059999942779541)
(0.4699999988079071, 1.059999942779541)
(0.4699999988079071, 1.059999942779541)
(0.47999998927116394, 1.0499999523162842)
(0.47999998927116394, 1.0499999523162842)
(0.45999997854232788, 1.059999942779541)
(0.45999997854232788, 1.059999942779541)
(0.48999997973442078, 1.059999942779541)
(0.48999997973442078, 1.059999942779541)
(0.48999997973442078, 1.059999942779541)
(0.42999997735023499, 1.059999942779541)
(0.42999997735023499, 1.059999942779541)
(0.47999998927116394, 1.059999942779541)
(0.47999998927116394, 1.059999942779541)
(0.47999998927116394, 1.059999942779541)
(0.4699999988079071, 1.0499999523162842)
(0.4699999988079071, 1.0499999523162842)
(0.4699999988079071, 1.0499999523162842)
(0.4699999988079071, 1.0499999523162842)
saying: Obstacle seen!
Sonar: SEEN obstacle (on left, distance of 0.240000)
(0.23999999463558197, 1.0499999523162842)
(0.23999999463558197, 1.0499999523162842)
(0.23999999463558197, 1.0499999523162842)
(0.23999999463558197, 1.0499999523162842)
(0.23999999463558197, 1.0499999523162842)
(0.23999999463558197, 1.0499999523162842)
(0.22999998927116394, 1.0499999523162842)
(0.22999998927116394, 1.0499999523162842)
(0.23999999463558197, 1.0499999523162842)
(0.23999999463558197, 1.0499999523162842)
(0.23999999463558197, 1.0499999523162842)
(0.22999998927116394, 1.059999942779541)
(0.22999998927116394, 1.059999942779541)
(0.23999999463558197, 1.059999942779541)
(0.23999999463558197, 1.059999942779541)
(0.22999998927116394, 1.0499999523162842)
(0.22999998927116394, 1.0499999523162842)
(0.22999998927116394, 1.0499999523162842)
(0.40999999642372131, 0.2800000011920929)
(0.40999999642372131, 0.2800000011920929)
(0.40999999642372131, 0.2800000011920929)
(0.31000000238418579, 0.22999998927116394)
(0.31000000238418579, 0.22999998927116394)
(0.25999999046325684, 0.23999999463558197)
(0.25999999046325684, 0.23999999463558197)
(0.25999999046325684, 0.23999999463558197)
(0.22999998927116394, 0.23999999463558197)
(0.22999998927116394, 0.23999999463558197)
(0.22999998927116394, 0.23999999463558197)
(0.22999998927116394, 0.22999998927116394)
(0.22999998927116394, 0.22999998927116394)
(0.22999998927116394, 0.23999999463558197)
(0.22999998927116394, 0.23999999463558197)
(0.22999998927116394, 0.23999999463558197)
(0.22999998927116394, 0.23999999463558197)
(0.22999998927116394, 0.23999999463558197)
(0.91999995708465576, 0.22999998927116394)
(0.91999995708465576, 0.22999998927116394)
(0.81000000238418579, 0.22999998927116394)
(0.81000000238418579, 0.22999998927116394)
(0.81000000238418579, 0.22999998927116394)
(0.59999996423721313, 0.22999998927116394)
(0.59999996423721313, 0.22999998927116394)
(0.63999998569488525, 0.22999998927116394)
(0.63999998569488525, 0.22999998927116394)
(0.63999998569488525, 0.22999998927116394)
(0.59999996423721313, 0.22999998927116394)
(0.59999996423721313, 0.22999998927116394)
(0.59999996423721313, 0.22999998927116394)
(0.51999998092651367, 0.23999999463558197)
(0.51999998092651367, 0.23999999463558197)
(0.5899999737739563, 0.23999999463558197)
(0.5899999737739563, 0.23999999463558197)
(0.22999998927116394, 0.22999998927116394)
(0.22999998927116394, 0.22999998927116394)
(0.22999998927116394, 0.22999998927116394)
(0.22999998927116394, 0.22999998927116394)
(0.22999998927116394, 0.22999998927116394)
(0.23999999463558197, 0.22999998927116394)
(0.23999999463558197, 0.22999998927116394)
(0.23999999463558197, 0.22999998927116394)
(0.22999998927116394, 0.23999999463558197)
(0.22999998927116394, 0.23999999463558197)
(0.23999999463558197, 0.23999999463558197)
(0.23999999463558197, 0.23999999463558197)
(0.22999998927116394, 0.23999999463558197)
(0.22999998927116394, 0.23999999463558197)
(0.22999998927116394, 0.23999999463558197)
(0.22999998927116394, 0.22999998927116394)
(0.22999998927116394, 0.22999998927116394)
(0.22999998927116394, 0.22999998927116394)
(0.22999998927116394, 0.23999999463558197)
(0.22999998927116394, 0.23999999463558197)
(0.23999999463558197, 0.25)
(0.23999999463558197, 0.25)
(0.23999999463558197, 0.25)
(0.23999999463558197, 0.23999999463558197)
(0.23999999463558197, 0.23999999463558197)
(0.23999999463558197, 0.23999999463558197)
(0.23999999463558197, 0.23999999463558197)
(0.23999999463558197, 0.26999998092651367)
(0.23999999463558197, 0.26999998092651367)
(0.23999999463558197, 0.26999998092651367)
(0.22999998927116394, 0.31999999284744263)
(0.22999998927116394, 0.31999999284744263)
(0.22999998927116394, 0.31999999284744263)
(0.22999998927116394, 0.29999998211860657)
(0.22999998927116394, 0.29999998211860657)
(0.22999998927116394, 0.25999999046325684)
(0.22999998927116394, 0.25999999046325684)
(0.22999998927116394, 0.25999999046325684)
(0.22999998927116394, 0.23999999463558197)
(0.22999998927116394, 0.23999999463558197)
(0.23999999463558197, 0.25)
(0.23999999463558197, 0.25)
(1.0, 0.25999999046325684)
(1.0, 0.25999999046325684)
(1.0, 0.25999999046325684)
(0.22999998927116394, 0.25999999046325684)
(0.22999998927116394, 0.25999999046325684)
(0.22999998927116394, 0.25999999046325684)
(0.23999999463558197, 0.25999999046325684)
(0.23999999463558197, 0.25999999046325684)
(0.23999999463558197, 0.25)
(0.23999999463558197, 0.25)
(0.23999999463558197, 0.25)
(0.23999999463558197, 0.25999999046325684)
(0.23999999463558197, 0.25999999046325684)
(0.22999998927116394, 0.23999999463558197)
(0.22999998927116394, 0.23999999463558197)
(0.23999999463558197, 0.25)
(0.23999999463558197, 0.25)
(0.23999999463558197, 0.25)
(0.22999998927116394, 0.25)
(0.22999998927116394, 0.25)
(0.22999998927116394, 0.25)
(0.23999999463558197, 0.25)
(0.23999999463558197, 0.25)
(0.62000000476837158, 0.23999999463558197)
(0.62000000476837158, 0.23999999463558197)
(0.62000000476837158, 0.23999999463558197)
(0.69999998807907104, 0.25)
(0.69999998807907104, 0.25)
(0.59999996423721313, 0.25)
(0.59999996423721313, 0.25)
(0.59999996423721313, 0.25)
(0.70999997854232788, 0.23999999463558197)
(0.70999997854232788, 0.23999999463558197)
(0.70999997854232788, 0.23999999463558197)
(0.57999998331069946, 0.25)
(0.57999998331069946, 0.25)
(0.69999998807907104, 0.23999999463558197)
(0.69999998807907104, 0.23999999463558197)
(0.62999999523162842, 0.22999998927116394)
(0.62999999523162842, 0.22999998927116394)
(0.62999999523162842, 0.22999998927116394)
(0.70999997854232788, 0.23999999463558197)
(0.70999997854232788, 0.23999999463558197)
(0.63999998569488525, 0.25)
(0.63999998569488525, 0.25)
(0.63999998569488525, 0.25)
(0.68999999761581421, 0.23999999463558197)
(0.68999999761581421, 0.23999999463558197)
(0.62000000476837158, 0.23999999463558197)
(0.62000000476837158, 0.23999999463558197)
(0.68999999761581421, 0.23999999463558197)
(0.68999999761581421, 0.23999999463558197)
(0.68999999761581421, 0.23999999463558197)
(0.59999996423721313, 0.23999999463558197)
(0.59999996423721313, 0.23999999463558197)
(0.59999996423721313, 0.23999999463558197)
(0.64999997615814209, 0.22999998927116394)
(0.64999997615814209, 0.22999998927116394)
(0.56000000238418579, 0.25)
(0.56000000238418579, 0.25)
(0.56000000238418579, 0.25)
(0.53999996185302734, 0.23999999463558197)
(0.53999996185302734, 0.23999999463558197)
(0.53999996185302734, 0.23999999463558197)
(0.52999997138977051, 0.25999999046325684)
(0.52999997138977051, 0.25999999046325684)
(0.4699999988079071, 0.25999999046325684)
(0.4699999988079071, 0.25999999046325684)
(0.48999997973442078, 0.25)
(0.48999997973442078, 0.25)
(0.48999997973442078, 0.25)
(0.44999998807907104, 0.25)
(0.44999998807907104, 0.25)
(0.42999997735023499, 0.25)
(0.42999997735023499, 0.25)
(0.42999997735023499, 0.25)
(0.53999996185302734, 0.25)
(0.53999996185302734, 0.25)
(0.48999997973442078, 0.25999999046325684)
(0.48999997973442078, 0.25999999046325684)
(0.48999997973442078, 0.25999999046325684)
(0.45999997854232788, 0.2800000011920929)
(0.45999997854232788, 0.2800000011920929)
(0.42999997735023499, 0.32999998331069946)
(0.42999997735023499, 0.32999998331069946)
(0.42999997735023499, 0.32999998331069946)
(0.59999996423721313, 0.37000000476837158)
(0.59999996423721313, 0.37000000476837158)
(0.56000000238418579, 0.37000000476837158)
(0.56000000238418579, 0.37000000476837158)
(0.56000000238418579, 0.37000000476837158)
(0.44999998807907104, 0.37999999523162842)
(0.44999998807907104, 0.37999999523162842)
(0.29999998211860657, 0.37999999523162842)
(0.29999998211860657, 0.37999999523162842)
(0.23999999463558197, 0.37000000476837158)
(0.23999999463558197, 0.37000000476837158)
(0.23999999463558197, 0.37000000476837158)
(0.23999999463558197, 0.35999998450279236)
(0.23999999463558197, 0.35999998450279236)
(0.23999999463558197, 0.35999998450279236)
(0.22999998927116394, 0.37000000476837158)
(0.22999998927116394, 0.37000000476837158)
(0.23999999463558197, 0.35999998450279236)
(0.23999999463558197, 0.35999998450279236)
(0.23999999463558197, 0.35999998450279236)
(1.0199999809265137, 0.35999998450279236)
(1.0199999809265137, 0.35999998450279236)
(1.0199999809265137, 0.35999998450279236)
(0.93000000715255737, 0.34999999403953552)
(0.93000000715255737, 0.34999999403953552)
(0.62999999523162842, 0.34999999403953552)
(0.62999999523162842, 0.34999999403953552)
(0.62999999523162842, 0.34999999403953552)
(0.68999999761581421, 0.34999999403953552)
(0.68999999761581421, 0.34999999403953552)
(0.68999999761581421, 0.34999999403953552)
(0.68999999761581421, 0.34999999403953552)
(0.69999998807907104, 0.34000000357627869)
(0.69999998807907104, 0.34000000357627869)
(0.69999998807907104, 0.34000000357627869)
(0.57999998331069946, 0.34000000357627869)
(0.57999998331069946, 0.34000000357627869)
(0.65999996662139893, 0.34000000357627869)
(0.65999996662139893, 0.34000000357627869)
(0.65999996662139893, 0.34000000357627869)
(0.56999999284744263, 0.32999998331069946)
(0.56999999284744263, 0.32999998331069946)
(0.56999999284744263, 0.32999998331069946)
(0.63999998569488525, 0.34000000357627869)
(0.63999998569488525, 0.34000000357627869)
(0.52999997138977051, 0.35999998450279236)
(0.52999997138977051, 0.35999998450279236)
(0.41999998688697815, 0.34000000357627869)
(0.41999998688697815, 0.34000000357627869)
(0.41999998688697815, 0.34000000357627869)
(0.48999997973442078, 0.32999998331069946)
(0.48999997973442078, 0.32999998331069946)
(0.39999997615814209, 0.34000000357627869)
(0.39999997615814209, 0.34000000357627869)
(0.39999997615814209, 0.34000000357627869)
(0.43999999761581421, 0.34999999403953552)
(0.43999999761581421, 0.34999999403953552)
(0.43999999761581421, 0.34999999403953552)
(0.31999999284744263, 0.34999999403953552)
(0.31999999284744263, 0.34999999403953552)
(0.56000000238418579, 0.37000000476837158)
(0.56000000238418579, 0.37000000476837158)
(0.32999998331069946, 0.85999995470046997)
(0.32999998331069946, 0.85999995470046997)
(0.32999998331069946, 0.85999995470046997)
(0.22999998927116394, 0.37999999523162842)
(0.22999998927116394, 0.37999999523162842)
(0.31000000238418579, 0.35999998450279236)
(0.31000000238418579, 0.35999998450279236)
(0.31000000238418579, 0.35999998450279236)
(0.23999999463558197, 0.35999998450279236)
(0.23999999463558197, 0.35999998450279236)
(0.23999999463558197, 0.35999998450279236)
(0.23999999463558197, 0.35999998450279236)
(0.23999999463558197, 0.35999998450279236)
(0.22999998927116394, 0.34999999403953552)
(0.22999998927116394, 0.34999999403953552)
(0.23999999463558197, 0.35999998450279236)
(0.23999999463558197, 0.35999998450279236)
(0.23999999463558197, 0.35999998450279236)
(0.23999999463558197, 0.35999998450279236)
(0.23999999463558197, 0.35999998450279236)
(0.25999999046325684, 0.38999998569488525)
(0.25999999046325684, 0.38999998569488525)
(0.25999999046325684, 0.38999998569488525)
(0.25999999046325684, 0.38999998569488525)
(0.25999999046325684, 0.38999998569488525)
(0.22999998927116394, 0.4699999988079071)
(0.22999998927116394, 0.4699999988079071)
(0.22999998927116394, 0.4699999988079071)
(0.22999998927116394, 0.48999997973442078)
(0.22999998927116394, 0.48999997973442078)
(0.22999998927116394, 0.47999998927116394)
(0.22999998927116394, 0.47999998927116394)
(0.22999998927116394, 0.47999998927116394)
(0.93000000715255737, 0.4699999988079071)
(0.93000000715255737, 0.4699999988079071)
(1.0099999904632568, 0.45999997854232788)
(1.0099999904632568, 0.45999997854232788)
(1.0099999904632568, 0.45999997854232788)
saying: Obstacle lost!
(0.88999998569488525, 0.4699999988079071)
(0.88999998569488525, 0.4699999988079071)
(0.81999999284744263, 0.45999997854232788)
(0.81999999284744263, 0.45999997854232788)
(0.81999999284744263, 0.45999997854232788)
saying: Obstacle seen!
Sonar: SEEN obstacle (on left, distance of 0.230000)
(0.22999998927116394, 0.44999998807907104)
(0.22999998927116394, 0.44999998807907104)
(0.22999998927116394, 0.44999998807907104)
(0.22999998927116394, 0.44999998807907104)
(1.0299999713897705, 0.44999998807907104)
(1.0299999713897705, 0.44999998807907104)
(1.0299999713897705, 0.44999998807907104)
(0.90999996662139893, 0.44999998807907104)
(0.90999996662139893, 0.44999998807907104)
(0.90999996662139893, 0.44999998807907104)
saying: Obstacle lost!
(0.81000000238418579, 0.45999997854232788)
(0.81000000238418579, 0.45999997854232788)
(0.75, 0.43999999761581421)
(0.75, 0.43999999761581421)
(0.75, 0.43999999761581421)
(0.66999995708465576, 0.43999999761581421)
(0.66999995708465576, 0.43999999761581421)
(0.55000001192092896, 0.43999999761581421)
(0.55000001192092896, 0.43999999761581421)
(0.55000001192092896, 0.43999999761581421)
(0.47999998927116394, 0.40999999642372131)
(0.47999998927116394, 0.40999999642372131)
(0.53999996185302734, 1.059999942779541)
(0.53999996185302734, 1.059999942779541)
(0.53999996185302734, 1.059999942779541)
(0.44999998807907104, 1.059999942779541)
(0.44999998807907104, 1.059999942779541)
(1.0199999809265137, 1.059999942779541)
(1.0199999809265137, 1.059999942779541)
(1.0199999809265137, 1.059999942779541)
saying: Obstacle seen!
Sonar: SEEN obstacle (on left, distance of 0.240000)
(0.23999999463558197, 1.059999942779541)
(0.23999999463558197, 1.059999942779541)
(1.0, 1.059999942779541)
(1.0, 1.0